0.999936 0.0025685 -0.0109996 0.999936 -0.00258248 0.999996 -0.00125662 -0.00258248 0.0109963 0.00128494 0.999939 0.0109963 
0.999974 0.00200436 -0.00696943 0.999974 -0.00200482 0.999998 -5.92456e-05 -0.00200482 0.00696929 7.32165e-05 0.999976 0.00696929 
0.999994 0.00285193 -0.00206032 0.999994 -0.00284926 0.999995 0.00129722 -0.00284926 0.00206401 -0.00129135 0.999997 0.00206401 
0.999995 0.00176576 0.00280643 0.999995 -0.00177 0.999997 0.00150631 -0.00177 -0.00280376 -0.00151127 0.999995 -0.00280376 
0.999976 0.00250361 0.00652212 0.999976 -0.00251208 0.999996 0.00129026 -0.00251208 -0.00651887 -0.00130662 0.999978 -0.00651887 
0.999952 0.00154499 0.00971279 0.999952 -0.00155522 0.999998 0.00104649 -0.00155522 -0.00971116 -0.00106155 0.999952 -0.00971116 
0.999866 -0.000850024 0.016333 0.999866 0.000849862 1 1.68653e-05 0.000849862 -0.016333 -2.98224e-06 0.999867 -0.016333 
0.999779 -0.00467179 0.0204826 0.999779 0.004673 0.999989 -1.12772e-05 0.004673 -0.0204823 0.00010699 0.99979 -0.0204823 
0.999765 -0.00259961 0.021541 0.999765 0.00254355 0.999993 0.00262941 0.00254355 -0.0215477 -0.002574 0.999765 -0.0215477 
0.999788 -0.000297906 0.0205743 0.999788 0.00027921 1 0.000911561 0.00027921 -0.0205745 -0.000905624 0.999788 -0.0205745 
0.999771 0.0016041 0.0213214 0.999771 -0.00158938 0.999998 -0.000706969 -0.00158938 -0.0213225 0.00067292 0.999772 -0.0213225 
0.999771 0.00182251 0.0213057 0.999771 -0.00180737 0.999998 -0.000729782 -0.00180737 -0.021307 0.000691108 0.999773 -0.021307 
0.999867 -0.000739208 0.0162683 0.999867 0.000764973 0.999998 -0.00157762 0.000764973 -0.0162672 0.00158985 0.999866 -0.0162672 
0.999878 -0.00102608 0.015613 0.999878 0.00103707 0.999999 -0.000695596 0.00103707 -0.0156123 0.000711702 0.999878 -0.0156123 
0.999906 -0.000866401 0.0137156 0.999906 0.000863677 1 0.000204529 0.000863677 -0.0137157 -0.000192664 0.999906 -0.0137157 
0.999919 0.00289627 0.0124056 0.999919 -0.00290176 0.999996 0.000424365 -0.00290176 -0.0124043 -0.000460329 0.999923 -0.0124043 
0.999935 0.00355392 0.0108771 0.999935 -0.00358193 0.99999 0.00255688 -0.00358193 -0.0108679 -0.00259567 0.999938 -0.0108679 
0.999963 -0.00150938 0.00847802 0.999963 0.00149256 0.999997 0.00198976 0.00149256 -0.008481 -0.00197703 0.999962 -0.008481 
0.99997 -0.000475066 0.00770895 0.99997 0.00046176 0.999998 0.00172774 0.00046176 -0.00770976 -0.00172412 0.999969 -0.00770976 
0.999966 0.000343561 0.00817842 0.999966 -0.000367144 0.999996 0.00288227 -0.000367144 -0.00817739 -0.00288517 0.999962 -0.00817739 
0.99996 0.00302164 0.00840573 0.99996 -0.00303844 0.999993 0.00198686 -0.00303844 -0.00839967 -0.00201232 0.999963 -0.00839967 
0.999942 0.00667542 0.00844426 0.999942 -0.00668695 0.999977 0.00133845 -0.00668695 -0.00843513 -0.00139484 0.999963 -0.00843513 
0.999961 0.000375422 0.00885872 0.999961 -0.000394205 0.999998 0.00211862 -0.000394205 -0.0088579 -0.00212203 0.999959 -0.0088579 
0.99995 -0.00534837 0.00848808 0.99995 0.00531444 0.999978 0.00401439 0.00531444 -0.00850936 -0.00396907 0.999956 -0.00850936 
0.999944 -0.00518818 0.00922243 0.999944 0.00515655 0.999981 0.00344972 0.00515655 -0.00924015 -0.00340197 0.999952 -0.00924015 
0.999954 0.00143316 0.00950814 0.999954 -0.00145402 0.999997 0.00218784 -0.00145402 -0.00950497 -0.00220157 0.999952 -0.00950497 
0.999951 0.00229399 0.00967593 0.999951 -0.00232235 0.999993 0.00292148 -0.00232235 -0.00966916 -0.00294381 0.999949 -0.00966916 
0.999956 -0.000407379 0.00941523 0.999956 0.00037381 0.999994 0.00356683 0.00037381 -0.00941663 -0.00356315 0.999949 -0.00941663 
0.99996 -0.00210357 0.00872915 0.99996 0.00207274 0.999992 0.00354032 0.00207274 -0.00873652 -0.00352208 0.999956 -0.00873652 
0.999959 -0.000804286 0.00903213 0.999959 0.000761493 0.999988 0.00474035 0.000761493 -0.00903584 -0.00473328 0.999948 -0.00903584 
0.99998 -0.000126167 0.00629645 0.99998 7.97169e-05 0.999973 0.00737683 7.97169e-05 -0.00629721 -0.00737618 0.999953 -0.00629721 
0.999986 -0.00313356 0.00424544 0.999986 0.00309528 0.999955 0.00899375 0.00309528 -0.00427343 -0.00898048 0.999951 -0.00427343 
0.999988 -0.00270857 0.00403775 0.999988 0.00267431 0.999961 0.00846779 0.00267431 -0.00406053 -0.00845689 0.999956 -0.00406053 
0.999976 -0.00342735 0.0060409 0.999976 0.00337298 0.999954 0.00898787 0.00337298 -0.00607143 -0.00896727 0.999941 -0.00607143 
0.999988 -0.0032911 0.00376355 0.999988 0.00326579 0.999972 0.00671239 0.00326579 -0.00378553 -0.00670001 0.99997 -0.00378553 
0.999979 -0.00383897 0.0052705 0.999979 0.00380478 0.999972 0.00648125 0.00380478 -0.00529523 -0.00646106 0.999965 -0.00529523 
0.999982 -0.0032331 0.00507401 0.999982 0.00320437 0.999979 0.00566038 0.00320437 -0.0050922 -0.00564402 0.999971 -0.0050922 
0.999982 -0.00383179 0.00454308 0.999982 0.00380772 0.999979 0.0052952 0.00380772 -0.00456327 -0.00527781 0.999976 -0.00456327 
0.999978 -0.00451805 0.00492748 0.999978 0.00450127 0.999984 0.00341092 0.00450127 -0.00494281 -0.00338866 0.999982 -0.00494281 
0.999981 -0.00225921 0.00567111 0.999981 0.00224954 0.999996 0.00171225 0.00224954 -0.00567495 -0.00169946 0.999982 -0.00567495 
0.999981 5.74315e-05 0.00622454 0.999981 -5.16257e-05 1 -0.000932876 -5.16257e-05 -0.00622459 0.000932536 0.99998 -0.00622459 
0.999974 -0.000245366 0.00717095 0.999974 0.000254511 0.999999 -0.00127435 0.000254511 -0.00717063 0.00127614 0.999973 -0.00717063 
0.999966 0.00143818 0.00809355 0.999966 -0.00142258 0.999997 -0.0019326 -0.00142258 -0.0080963 0.00192102 0.999965 -0.0080963 
0.999965 -0.000980473 0.0083507 0.999965 0.00100285 0.999996 -0.00267643 0.00100285 -0.00834805 0.00268471 0.999962 -0.00834805 
0.999956 -3.33058e-05 0.00936363 0.999956 8.6138e-05 0.999984 -0.00564193 8.6138e-05 -0.00936329 0.00564249 0.99994 -0.00936329 
0.999953 -0.00264387 0.00930091 0.999953 0.00268849 0.999985 -0.00478877 0.00268849 -0.00928811 0.00481355 0.999945 -0.00928811 
0.999953 -0.0026418 0.00936105 0.999953 0.00267729 0.999989 -0.00378091 0.00267729 -0.00935096 0.00380579 0.999949 -0.00935096 
0.999953 -0.000869344 0.00965716 0.999953 0.000882457 0.999999 -0.00135364 0.000882457 -0.00965597 0.0013621 0.999952 -0.00965597 
0.999958 -0.000527623 0.00910904 0.999958 0.000532242 1 -0.000504604 0.000532242 -0.00910877 0.000509431 0.999958 -0.00910877 
0.99996 0.00129605 0.00887604 0.99996 -0.00128146 0.999998 -0.00164912 -0.00128146 -0.00887816 0.00163768 0.999959 -0.00887816 
0.999962 -0.000479603 0.00867 0.999962 0.000494355 0.999998 -0.00169938 0.000494355 -0.00866917 0.00170361 0.999961 -0.00866917 
0.99996 0.00225964 0.00864182 0.99996 -0.00224102 0.999995 -0.00216363 -0.00224102 -0.00864667 0.00214417 0.99996 -0.00864667 
0.999957 0.000656827 0.00919684 0.999957 -0.000624226 0.999994 -0.00354717 -0.000624226 -0.00919911 0.00354128 0.999951 -0.00919911 
0.999959 0.000736226 0.00903551 0.999959 -0.000691201 0.999987 -0.00498529 -0.000691201 -0.00903907 0.00497884 0.999947 -0.00903907 
0.99997 0.00037706 0.0077845 0.99997 -0.000344623 0.999991 -0.00416783 -0.000344623 -0.00778601 0.00416502 0.999961 -0.00778601 
0.999962 0.000113008 0.00868782 0.999962 -0.000101998 0.999999 -0.00126777 -0.000101998 -0.00868796 0.00126683 0.999961 -0.00868796 
0.999974 0.000584726 0.00723988 0.999974 -0.000578536 0.999999 -0.000857116 -0.000578536 -0.00724038 0.000852905 0.999973 -0.00724038 
0.999972 0.00193436 0.00720776 0.999972 -0.00192072 0.999996 -0.00189803 -0.00192072 -0.0072114 0.00188413 0.999972 -0.0072114 
0.99998 0.00151831 0.00611733 0.99998 -0.00151 0.999998 -0.00136177 -0.00151 -0.00611939 0.0013525 0.99998 -0.00611939 
0.999986 0.00067659 0.00521267 0.999986 -0.000676603 1 7.1014e-07 -0.000676603 -0.00521267 -4.23703e-06 0.999986 -0.00521267 
0.999991 7.3547e-05 0.00424839 0.999991 -7.58832e-05 1 0.000549731 -7.58832e-05 -0.00424835 -0.000550049 0.999991 -0.00424835 
0.999995 0.000145288 0.00330302 0.999995 -0.000146865 1 0.000477303 -0.000146865 -0.00330295 -0.000477786 0.999994 -0.00330295 
0.999999 0.000108512 0.00152232 0.999999 -0.000107146 1 -0.000896816 -0.000107146 -0.00152242 0.000896651 0.999998 -0.00152242 
1 0.000328059 0.000129088 1 -0.000327809 0.999998 -0.00193511 -0.000327809 -0.000129723 0.00193507 0.999998 -0.000129723 
0.999998 0.00181507 0.000273544 0.999998 -0.00181486 0.999998 -0.000774535 -0.00181486 -0.000274949 0.000774037 1 -0.000274949 
0.999998 0.00141438 0.00139294 0.999998 -0.00141546 0.999999 0.000775401 -0.00141546 -0.00139184 -0.000777371 0.999999 -0.00139184 
0.999991 0.00307142 0.00276992 0.999991 -0.00307231 0.999995 0.000315592 -0.00307231 -0.00276894 -0.0003241 0.999996 -0.00276894 
0.999992 0.00203319 0.00339226 0.999992 -0.00202673 0.999996 -0.0019076 -0.00202673 -0.00339613 0.00190071 0.999992 -0.00339613 
0.999989 0.000955982 0.00449234 0.999989 -0.000939979 0.999993 -0.00356303 -0.000939979 -0.00449572 0.00355877 0.999984 -0.00449572 
0.999979 0.00318378 0.00566053 0.999979 -0.0031601 0.999986 -0.00418731 -0.0031601 -0.00567379 0.00416934 0.999975 -0.00567379 
0.999973 0.00130582 0.00722036 0.999973 -0.00128998 0.999997 -0.00219808 -0.00128998 -0.00722321 0.00218871 0.999972 -0.00722321 
0.999947 0.00228927 0.0100021 0.999947 -0.0023147 0.999994 0.0025317 -0.0023147 -0.00999629 -0.00255472 0.999947 -0.00999629 
0.999922 0.0040722 0.0117973 0.999922 -0.00410701 0.999987 0.00292761 -0.00410701 -0.0117853 -0.00297584 0.999926 -0.0117853 
0.999949 0.000678271 0.0100459 0.999949 -0.000667412 0.999999 -0.00108416 -0.000667412 -0.0100467 0.0010774 0.999949 -0.0100467 
0.999951 -0.000801388 0.00982579 0.999951 0.00085121 0.999987 -0.00506743 0.00085121 -0.0098216 0.00507555 0.999939 -0.0098216 
0.999957 -0.00212714 0.0090216 0.999957 0.0021679 0.999987 -0.00451027 0.0021679 -0.0090119 0.00452963 0.999949 -0.0090119 
0.999976 -0.000993669 0.00681849 0.999976 0.000981201 0.999998 0.00183157 0.000981201 -0.0068203 -0.00182484 0.999975 -0.0068203 
0.999982 -8.83572e-05 0.00592094 0.999982 6.33054e-05 0.999991 0.0042311 6.33054e-05 -0.00592126 -0.00423065 0.999974 -0.00592126 
0.999983 -0.0020627 0.00545212 0.999983 0.00202238 0.999971 0.00738937 0.00202238 -0.0054672 -0.00737822 0.999958 -0.0054672 
0.999982 0.00217082 0.00561712 0.999982 -0.00217448 0.999997 0.000644879 -0.00217448 -0.0056157 -0.000657082 0.999984 -0.0056157 
0.999976 0.00273161 0.00628927 0.999976 -0.00270673 0.999988 -0.00396231 -0.00270673 -0.00630002 0.00394519 0.999972 -0.00630002 
0.999982 0.0015056 0.00584115 0.999982 -0.00147651 0.999987 -0.00498051 -0.00147651 -0.00584856 0.0049718 0.999971 -0.00584856 
0.999987 0.000684859 0.00509088 0.999987 -0.000667917 0.999994 -0.0033289 -0.000667917 -0.00509313 0.00332545 0.999982 -0.00509313 
0.999989 0.000327431 0.0047093 0.999989 -0.000326466 1 -0.000205632 -0.000326466 -0.00470937 0.000204092 0.999989 -0.00470937 
0.999976 0.00103521 0.00682999 0.999976 -0.00104605 0.999998 0.00158325 -0.00104605 -0.00682834 -0.00159035 0.999975 -0.00682834 
0.999976 0.000926426 0.00692211 0.999976 -0.000948957 0.999994 0.00325223 -0.000948957 -0.00691905 -0.00325872 0.999971 -0.00691905 
0.999975 -0.000207312 0.00699997 0.999975 0.000202023 1 0.000756162 0.000202023 -0.00700013 -0.000754729 0.999975 -0.00700013 
0.99997 0.00158451 0.00755974 0.99997 -0.00157789 0.999998 -0.000880617 -0.00157789 -0.00756112 0.000868662 0.999971 -0.00756112 
0.999963 0.000701749 0.00856273 0.999963 -0.000696286 1 -0.000640864 -0.000696286 -0.00856318 0.000634878 0.999963 -0.00856318 
0.999961 0.000618319 0.00877125 0.999961 -0.000629432 0.999999 0.00126432 -0.000629432 -0.00877046 -0.00126979 0.999961 -0.00877046 
0.99997 0.00167543 0.00762439 0.99997 -0.00167972 0.999998 0.000556724 -0.00167972 -0.00762344 -0.000569514 0.999971 -0.00762344 
0.999962 0.000410994 0.00870985 0.999962 -0.000422164 0.999999 0.00128066 -0.000422164 -0.00870932 -0.00128429 0.999961 -0.00870932 
0.999974 0.000463783 0.00713559 0.999974 -0.00047098 0.999999 0.00100688 -0.00047098 -0.00713512 -0.00101021 0.999974 -0.00713512 
0.99996 0.00142901 0.00880589 0.99996 -0.00143765 0.999998 0.000974901 -0.00143765 -0.00880448 -0.000987522 0.999961 -0.00880448 
0.999953 0.00322757 0.00911138 0.999953 -0.00322679 0.999995 -9.98488e-05 -0.00322679 -0.00911165 7.04436e-05 0.999958 -0.00911165 
0.999959 0.0020695 0.00885237 0.999959 -0.0020563 0.999997 -0.00150085 -0.0020563 -0.00885544 0.00148259 0.99996 -0.00885544 
0.999953 0.000195318 0.00974228 0.999953 -0.000189658 1 -0.000581924 -0.000189658 -0.00974239 0.000580048 0.999952 -0.00974239 
0.999954 0.00160471 0.00943195 0.999954 -0.00161406 0.999998 0.000983921 -0.00161406 -0.00943035 -0.000999099 0.999955 -0.00943035 
0.999955 0.0010595 0.00947392 0.999955 -0.00107923 0.999997 0.00207799 -0.00107923 -0.00947169 -0.00208812 0.999953 -0.00947169 
0.999972 0.000604655 0.0074389 0.999972 -0.000606221 1 0.00020818 -0.000606221 -0.00743877 -0.000212683 0.999972 -0.00743877 
0.999972 -0.000535688 0.00747884 0.999972 0.000541975 1 -0.000838699 0.000541975 -0.00747839 0.000842729 0.999972 -0.00747839 
0.999971 0.000519687 0.00762693 0.999971 -0.000521258 1 0.000204092 -0.000521258 -0.00762682 -0.000208061 0.999971 -0.00762682 
0.999971 -0.000255369 0.0076191 0.999971 0.000241989 0.999998 0.00175697 0.000241989 -0.00761954 -0.00175507 0.999969 -0.00761954 
0.999978 -0.00138246 0.00652912 0.999978 0.00136674 0.999996 0.00241116 0.00136674 -0.00653243 -0.00240218 0.999976 -0.00653243 
0.999977 -0.00010842 0.00678902 0.999977 8.6997e-05 0.999995 0.00315577 8.6997e-05 -0.00678933 -0.0031551 0.999972 -0.00678933 
0.999969 -0.000281804 0.00789339 0.999969 0.00026928 0.999999 0.00158755 0.00026928 -0.00789382 -0.00158538 0.999968 -0.00789382 
0.999977 0.000920062 0.00664521 0.999977 -0.00091267 0.999999 -0.00111538 -0.00091267 -0.00664622 0.00110929 0.999977 -0.00664622 
0.999977 0.000953366 0.00674899 0.999977 -0.000946964 0.999999 -0.0009516 -0.000946964 -0.0067499 0.000945187 0.999977 -0.0067499 
0.999972 0.00214726 0.00719408 0.999972 -0.00214964 0.999998 0.000322799 -0.00214964 -0.00719337 -0.000338254 0.999974 -0.00719337 
0.999981 0.00151638 0.0059709 0.999981 -0.0015188 0.999999 0.000402035 -0.0015188 -0.00597028 -0.000411096 0.999982 -0.00597028 
0.999984 0.00123035 0.00556205 0.999984 -0.00122915 0.999999 -0.000219127 -0.00122915 -0.00556232 0.000212287 0.999985 -0.00556232 
0.999982 0.00163721 0.00571342 0.999982 -0.00163975 0.999999 0.000440365 -0.00163975 -0.00571269 -0.000449725 0.999984 -0.00571269 
0.999981 0.00267956 0.00546824 0.999981 -0.0026871 0.999995 0.00137113 -0.0026871 -0.00546454 -0.00138579 0.999984 -0.00546454 
0.999965 0.0028424 0.00785463 0.999965 -0.00287441 0.999988 0.00406763 -0.00287441 -0.00784297 -0.00409006 0.999961 -0.00784297 
0.999972 0.00472238 0.00587735 0.999972 -0.00473047 0.999988 0.0013623 -0.00473047 -0.00587084 -0.00139006 0.999982 -0.00587084 
0.999967 0.00605819 0.00536963 0.999967 -0.00605385 0.999981 -0.000824414 -0.00605385 -0.00537452 0.00079188 0.999985 -0.00537452 
0.999931 0.00758682 0.00900723 0.999931 -0.00761418 0.999966 0.00300649 -0.00761418 -0.00898412 -0.00307487 0.999955 -0.00898412 
0.999929 0.00353414 0.0113808 0.999929 -0.00351397 0.999992 -0.00179258 -0.00351397 -0.0113871 0.00175246 0.999934 -0.0113871 
0.999947 0.000116815 0.0103136 0.999947 -8.69192e-05 0.999996 -0.0028991 -8.69192e-05 -0.0103139 0.00289805 0.999943 -0.0103139 
0.999952 -0.000542643 0.00976631 0.999952 0.000549115 1 -0.000659998 0.000549115 -0.00976595 0.00066533 0.999952 -0.00976595 
0.99993 -0.000458926 0.0117823 0.99993 0.000441016 0.999999 0.00152262 0.000441016 -0.011783 -0.00151732 0.999929 -0.011783 
0.999909 0.000536702 0.0134432 0.999909 -0.000564394 0.999998 0.00205619 -0.000564394 -0.0134421 -0.00206359 0.999908 -0.0134421 
0.999929 0.00256145 0.0116594 0.999929 -0.00257614 0.999996 0.00124474 -0.00257614 -0.0116562 -0.00127469 0.999931 -0.0116562 
0.999928 0.00291166 0.011655 0.999928 -0.00289403 0.999995 -0.00152889 -0.00289403 -0.0116594 0.00149504 0.999931 -0.0116594 
0.999902 0.000977304 0.0139658 0.999902 -0.000967553 0.999999 -0.000704945 -0.000967553 -0.0139665 0.000691363 0.999902 -0.0139665 
0.999947 0.00042391 0.0102456 0.999947 -0.000423435 1 -4.85617e-05 -0.000423435 -0.0102456 4.42208e-05 0.999948 -0.0102456 
0.999947 -0.000191696 0.0102461 0.999947 0.000185593 1 0.000596564 0.000185593 -0.0102463 -0.000594631 0.999947 -0.0102463 
0.999945 -0.000346006 0.0104411 0.999945 0.000338495 1 0.000721148 0.000338495 -0.0104414 -0.000717575 0.999945 -0.0104414 
0.999932 -0.000597785 0.0116166 0.999932 0.000580419 0.999999 0.00149826 0.000580419 -0.0116175 -0.00149142 0.999931 -0.0116175 
0.999942 -6.55249e-05 0.010762 0.999942 7.4384e-05 1 -0.000822787 7.4384e-05 -0.0107619 0.00082354 0.999942 -0.0107619 
0.999948 -0.000567821 0.0101534 0.999948 0.000594079 0.999996 -0.00258332 0.000594079 -0.0101519 0.00258922 0.999945 -0.0101519 
0.999967 0.0010612 0.00810035 0.999967 -0.00103822 0.999995 -0.00284082 -0.00103822 -0.00810333 0.00283232 0.999963 -0.00810333 
0.99996 0.00102829 0.00888438 0.99996 -0.00102293 0.999999 -0.000606964 -0.00102293 -0.00888499 0.000597851 0.99996 -0.00888499 
0.999962 0.000770091 0.00871166 0.999962 -0.000786595 0.999998 0.00189114 -0.000786595 -0.00871018 -0.00189792 0.99996 -0.00871018 
0.999973 0.00315385 0.00658468 0.999973 -0.00316833 0.999993 0.00219065 -0.00316833 -0.00657772 -0.00221146 0.999976 -0.00657772 
0.999972 0.00198673 0.00715553 0.999972 -0.0020063 0.999994 0.00272879 -0.0020063 -0.00715007 -0.00274307 0.999971 -0.00715007 
0.999977 0.00272571 0.00626664 0.999977 -0.00274344 0.999992 0.00282282 -0.00274344 -0.0062589 -0.00283995 0.999976 -0.0062589 
0.99998 0.00340861 0.00528942 0.99998 -0.00340603 0.999994 -0.00049706 -0.00340603 -0.00529108 0.000479034 0.999986 -0.00529108 
0.999983 0.00411877 0.00407659 0.999983 -0.00410861 0.999988 -0.0024973 -0.00410861 -0.00408683 0.00248051 0.999989 -0.00408683 
0.999992 0.00345077 0.00221378 0.999992 -0.00344262 0.999987 -0.0036732 -0.00344262 -0.00222643 0.00366555 0.999991 -0.00222643 
0.999992 0.00347811 0.00215121 0.999992 -0.003476 0.999993 -0.000987588 -0.003476 -0.00215463 0.000980102 0.999997 -0.00215463 
0.999986 0.00412668 0.00330717 0.999986 -0.00412463 0.999991 -0.000626115 -0.00412463 -0.00330972 0.000612466 0.999994 -0.00330972 
0.999998 0.00178464 0.000780778 0.999998 -0.00178321 0.999997 -0.00182496 -0.00178321 -0.000784032 0.00182356 0.999998 -0.000784032 
0.999998 0.000969291 0.00197226 0.999998 -0.000965757 0.999998 -0.00179205 -0.000965757 -0.001974 0.00179014 0.999996 -0.001974 
0.999997 0.00159653 0.00164662 0.999997 -0.0015954 0.999998 -0.00069152 -0.0015954 -0.00164772 0.000688891 0.999998 -0.00164772 
0.999993 0.00303346 0.00228087 0.999993 -0.00303287 0.999995 -0.000261904 -0.00303287 -0.00228166 0.000254985 0.999997 -0.00228166 
0.999997 0.00258709 0.000274299 0.999997 -0.00258649 0.999994 -0.00215643 -0.00258649 -0.000279876 0.00215571 0.999998 -0.000279876 
0.999989 0.00414776 0.0022026 0.999989 -0.00414552 0.999991 -0.00102166 -0.00414552 -0.00220682 0.00101251 0.999997 -0.00220682 
1 0.000886002 5.10039e-05 1 -0.000885949 0.999999 -0.00103107 -0.000885949 -5.19174e-05 0.00103102 0.999999 -5.19174e-05 
1 5.46507e-05 0.000320235 1 -5.46622e-05 1 3.56549e-05 -5.46622e-05 -0.000320233 -3.56724e-05 1 -0.000320233 
0.999996 -0.000755775 0.00286931 0.999996 0.000754786 1 0.000345749 0.000754786 -0.00286957 -0.000343582 0.999996 -0.00286957 
0.999997 0.00228906 -0.000867458 0.999997 -0.00228815 0.999997 0.00104116 -0.00228815 0.000869839 -0.00103917 0.999999 0.000869839 
0.999996 -0.00203426 -0.00199789 0.999996 0.00203519 0.999998 0.000467321 0.00203519 0.00199693 -0.000471385 0.999998 0.00199693 
0.999987 -0.00230368 -0.00455502 0.999987 0.00230502 0.999997 0.000289047 0.00230502 0.00455434 -0.000299542 0.99999 0.00455434 
0.999991 -0.00218287 -0.00371092 0.999991 0.00219045 0.999996 0.00204129 0.00219045 0.00370644 -0.0020494 0.999991 0.00370644 
0.999974 0.000344105 -0.00718358 0.999974 -0.000338066 1 0.000841848 -0.000338066 0.00718386 -0.000839398 0.999974 0.00718386 
0.99998 0.000577181 -0.00627633 0.99998 -0.000570713 0.999999 0.00103221 -0.000570713 0.00627692 -0.00102861 0.99998 0.00627692 
0.999954 -0.00109926 -0.00957059 0.999954 0.00109714 0.999999 -0.000226901 0.00109714 0.00957083 0.00021639 0.999954 0.00957083 
0.99995 -0.00215356 -0.00977936 0.99995 0.00215136 0.999998 -0.000236002 0.00215136 0.00977984 0.000214951 0.999952 0.00977984 
0.999946 -0.00292563 -0.0100219 0.999946 0.00293228 0.999995 0.000649174 0.00293228 0.0100199 -0.000678526 0.99995 0.0100199 
0.9999 -0.000181564 -0.0141201 0.9999 0.000204809 0.999999 0.00164479 0.000204809 0.0141198 -0.00164751 0.999899 0.0141198 
0.999952 -0.00300222 -0.00937847 0.999952 0.00302926 0.999991 0.00286997 0.00302926 0.00936978 -0.00289824 0.999952 0.00936978 
0.999887 -0.0038808 -0.0144902 0.999887 0.00388171 0.999992 3.44402e-05 0.00388171 0.01449 -9.06832e-05 0.999895 0.01449 
0.999885 -0.00467248 -0.0144479 0.999885 0.00467111 0.999989 -0.000128704 0.00467111 0.0144483 6.12014e-05 0.999896 0.0144483 
0.999882 -0.00183387 -0.0152756 0.999882 0.00181469 0.999998 -0.00126936 0.00181469 0.0152779 0.00124149 0.999883 0.0152779 
0.999841 -0.00116736 -0.017813 0.999841 0.00114045 0.999998 -0.0015209 0.00114045 0.0178147 0.00150034 0.99984 0.0178147 
0.999907 0.000464925 -0.0136295 0.999907 -0.00046123 1 0.000274269 -0.00046123 0.0136296 -0.000267958 0.999907 0.0136296 
0.999931 -4.53453e-05 -0.0117226 0.999931 5.09846e-05 1 0.000480766 5.09846e-05 0.0117226 -0.000481331 0.999931 0.0117226 
0.999908 -0.000626731 -0.0135279 0.999908 0.000651518 0.999998 0.00182796 0.000651518 0.0135267 -0.00183661 0.999907 0.0135267 
0.999879 0.000714472 -0.0155469 0.999879 -0.000702732 0.999999 0.000760613 -0.000702732 0.0155474 -0.000749595 0.999879 0.0155474 
0.999936 -0.00118474 -0.0112429 0.999936 0.00118055 0.999999 -0.000379231 0.00118055 0.0112433 0.000365934 0.999937 0.0112433 
0.999911 -0.00243346 -0.0131237 0.999911 0.00240741 0.999995 -0.00199977 0.00240741 0.0131285 0.001968 0.999912 0.0131285 
0.999918 -0.000574191 -0.012765 0.999918 0.000530453 0.999994 -0.0034295 0.000530453 0.0127669 0.00342245 0.999913 0.0127669 
0.999917 -0.00223309 -0.0126925 0.999917 0.00222082 0.999997 -0.000980859 0.00222082 0.0126946 0.00095259 0.999919 0.0126946 
0.999918 -0.00290353 -0.0124676 0.999918 0.00291635 0.999995 0.00101046 0.00291635 0.0124646 -0.00104674 0.999922 0.0124646 
0.999933 -0.00185376 -0.0114036 0.999933 0.00187361 0.999997 0.00173031 0.00187361 0.0114003 -0.00175156 0.999933 0.0114003 
0.999922 -0.000931371 -0.0124166 0.999922 0.000926991 1 -0.000358459 0.000926991 0.0124169 0.000346921 0.999923 0.0124169 
0.999925 -0.00204593 -0.0120676 0.999925 0.00201613 0.999995 -0.00248099 0.00201613 0.0120727 0.00245648 0.999924 0.0120727 
0.999931 -0.000464598 -0.0117237 0.999931 0.000439794 0.999998 -0.0021182 0.000439794 0.0117247 0.0021129 0.999929 0.0117247 
0.999931 -0.000144452 -0.0117069 0.999931 0.000136339 1 -0.000693835 0.000136339 0.011707 0.000692191 0.999931 0.011707 
0.999945 -0.00179138 -0.0103082 0.999945 0.00179466 0.999998 0.000308439 0.00179466 0.0103076 -0.000326922 0.999947 0.0103076 
0.999944 -0.000962177 -0.0105094 0.999944 0.000959015 0.999999 -0.000305918 0.000959015 0.0105097 0.000295823 0.999945 0.0105097 
0.999947 -0.0010473 -0.0101947 0.999947 0.00102012 0.999996 -0.00267063 0.00102012 0.0101974 0.00266009 0.999944 0.0101974 
0.999946 -0.00171502 -0.0102955 0.999946 0.00168721 0.999995 -0.00270923 0.00168721 0.0103001 0.00269171 0.999943 0.0103001 
0.999954 -0.000612406 -0.00958784 0.999954 0.000605723 1 -0.00069994 0.000605723 0.00958826 0.0006941 0.999954 0.00958826 
0.99994 -0.001282 -0.0108577 0.99994 0.00127746 0.999999 -0.00042568 0.00127746 0.0108583 0.000411785 0.999941 0.0108583 
0.999925 -0.00288185 -0.011863 0.999925 0.00286861 0.999995 -0.00113307 0.00286861 0.0118662 0.00109896 0.999929 0.0118662 
0.9999 -0.00192791 -0.0140383 0.9999 0.00188279 0.999993 -0.00322668 0.00188279 0.0140444 0.00319993 0.999896 0.0140444 
0.999907 -0.00211029 -0.0134601 0.999907 0.00206673 0.999993 -0.00324965 0.00206673 0.0134668 0.00322153 0.999904 0.0134668 
0.999898 -0.00168586 -0.014204 0.999898 0.00167638 0.999998 -0.000679387 0.00167638 0.0142051 0.000655506 0.999899 0.0142051 
0.999876 -0.00210708 -0.0155819 0.999876 0.0021204 0.999997 0.000838296 0.0021204 0.0155801 -0.000871232 0.999878 0.0155801 
0.999872 -0.000743604 -0.0159793 0.999872 0.00077246 0.999998 0.00179977 0.00077246 0.0159779 -0.00181189 0.999871 0.0159779 
0.999876 -0.00128082 -0.0157205 0.999876 0.00127145 0.999999 -0.000606316 0.00127145 0.0157213 0.000586253 0.999876 0.0157213 
0.999865 -0.00100241 -0.0164032 0.999865 0.000976231 0.999998 -0.00160413 0.000976231 0.0164048 0.0015879 0.999864 0.0164048 
0.999816 -0.00106545 -0.0191631 0.999816 0.00100777 0.999995 -0.00301961 0.00100777 0.0191662 0.00299974 0.999812 0.0191662 
0.999847 -0.000268438 -0.0174989 0.999847 0.000223744 0.999997 -0.00255604 0.000223744 0.0174996 0.00255173 0.999844 0.0174996 
0.999833 -0.00067828 -0.0182627 0.999833 0.000622896 0.999995 -0.00303818 0.000622896 0.0182647 0.00302629 0.999829 0.0182647 
0.999874 6.87817e-05 -0.0158446 0.999874 -9.95906e-05 0.999998 -0.00194367 -9.95906e-05 0.0158444 0.001945 0.999873 0.0158444 
0.999903 0.00110155 -0.013866 0.999903 -0.00112213 0.999998 -0.00147667 -0.00112213 0.0138644 0.00149209 0.999903 0.0138644 
0.99991 -0.000390431 -0.0133898 0.99991 0.00038441 1 -0.000452208 0.00038441 0.01339 0.00044702 0.99991 0.01339 
0.999922 -0.00098669 -0.0124788 0.999922 0.000989413 0.999999 0.000211975 0.000989413 0.0124786 -0.000224305 0.999922 0.0124786 
0.9999 -0.00184746 -0.0140218 0.9999 0.00183627 0.999998 -0.00081094 0.00183627 0.0140233 0.000785111 0.999901 0.0140233 
0.999926 -0.00115346 -0.0121397 0.999926 0.00114751 0.999999 -0.000497342 0.00114751 0.0121403 0.000483374 0.999926 0.0121403 
0.999869 5.71088e-05 -0.0161729 0.999869 -5.68686e-05 1 1.53146e-05 -5.68686e-05 0.0161729 -1.43929e-05 0.999869 0.0161729 
0.999924 0.000403325 -0.0123511 0.999924 -0.000390731 0.999999 0.00102208 -0.000390731 0.0123515 -0.00101717 0.999923 0.0123515 
0.999972 0.000270055 -0.00746943 0.999972 -0.000263287 1 0.000907132 -0.000263287 0.00746968 -0.00090514 0.999972 0.00746968 
0.999971 -0.000694796 -0.00761943 0.999971 0.000688921 0.999999 -0.000773728 0.000688921 0.00761996 0.000768456 0.999971 0.00761996 
0.999986 5.20907e-05 -0.0052778 0.999986 -7.05074e-05 0.999994 -0.00348933 -7.05074e-05 0.00527759 0.00348966 0.99998 0.00527759 
0.999979 -0.00282603 -0.00586825 0.999979 0.00279957 0.999986 -0.00451219 0.00279957 0.00588092 0.00449567 0.999973 0.00588092 
0.999944 -0.00199606 -0.0103821 0.999944 0.00196273 0.999993 -0.00321954 0.00196273 0.0103884 0.00319899 0.999941 0.0103884 
0.999971 -0.00155081 -0.00742078 0.999971 0.00153633 0.999997 -0.00195712 0.00153633 0.00742379 0.00194566 0.999971 0.00742379 
0.999971 -0.000720205 -0.0076328 0.999971 0.000702764 0.999997 -0.00228744 0.000702764 0.00763443 0.002282 0.999968 0.00763443 
0.999978 -0.00015247 -0.00657641 0.999978 0.000132515 0.999995 -0.00303471 0.000132515 0.00657685 0.00303377 0.999974 0.00657685 
0.999971 0.00047452 -0.00754149 0.999971 -0.000490527 0.999998 -0.00212087 -0.000490527 0.00754046 0.00212451 0.999969 0.00754046 
0.999963 0.000366126 -0.00853735 0.999963 -0.000375462 0.999999 -0.00109201 -0.000375462 0.00853695 0.00109518 0.999963 0.00853695 
0.999964 0.00122616 -0.00841809 0.999964 -0.00122379 0.999999 0.000287383 -0.00122379 0.00841843 -0.000277071 0.999965 0.00841843 
0.999947 0.00254664 -0.00998634 0.999947 -0.00253822 0.999996 0.000855882 -0.00253822 0.00998848 -0.000830489 0.99995 0.00998848 
0.999936 0.00121418 -0.0112758 0.999936 -0.00120061 0.999999 0.00120989 -0.00120061 0.0112773 -0.00119627 0.999936 0.0112773 
0.999927 -0.000131223 -0.0120979 0.999927 0.000158241 0.999997 0.00223234 0.000158241 0.0120976 -0.00223409 0.999924 0.0120976 
0.999919 -0.00235721 -0.0125343 0.999919 0.00236468 0.999997 0.0005811 0.00236468 0.0125329 -0.000610692 0.999921 0.0125329 
0.999843 -0.00287526 -0.0174742 0.999843 0.00286073 0.999996 -0.000856421 0.00286073 0.0174766 0.000806297 0.999847 0.0174766 
0.999783 -0.00286217 -0.0206132 0.999783 0.00280559 0.999992 -0.00277314 0.00280559 0.020621 0.00271471 0.999784 0.020621 
0.999756 -0.00279635 -0.0219323 0.999756 0.00275569 0.999994 -0.00188388 0.00275569 0.0219374 0.00182298 0.999758 0.0219374 
0.999766 -0.00162314 -0.0215609 0.999766 0.00159894 0.999998 -0.00113945 0.00159894 0.0215627 0.00110471 0.999767 0.0215627 
0.999752 -0.00116081 -0.0222315 0.999752 0.00112375 0.999998 -0.00167959 0.00112375 0.0222334 0.00165419 0.999751 0.0222334 
0.999754 -9.08645e-05 -0.0221731 0.999754 2.75322e-05 0.999996 -0.00285656 2.75322e-05 0.0221733 0.00285524 0.99975 0.0221733 
0.999738 -0.00159514 -0.0228155 0.999738 0.00151397 0.999992 -0.00357454 0.00151397 0.022821 0.00353906 0.999733 0.022821 
0.999723 -0.00110202 -0.0235164 0.999723 0.00100889 0.999992 -0.0039719 0.00100889 0.0235206 0.00394707 0.999716 0.0235206 
0.999757 -0.0016322 -0.0219847 0.999757 0.00155343 0.999992 -0.00359963 0.00155343 0.0219904 0.00356461 0.999752 0.0219904 
0.999779 -0.000875642 -0.0209937 0.999779 0.000867407 1 -0.000401361 0.000867407 0.020994 0.000383062 0.99978 0.020994 
0.999753 0.000476994 -0.0222297 0.999753 -0.000438039 0.999998 0.00175724 -0.000438039 0.0222305 -0.00174706 0.999751 0.0222305 
0.999767 -0.000116 -0.0215803 0.999767 0.00013168 1 0.000725184 0.00013168 0.0215802 -0.000727856 0.999767 0.0215802 
0.999789 0.00175023 -0.0204829 0.999789 -0.00179236 0.999996 -0.00203868 -0.00179236 0.0204792 0.00207497 0.999788 0.0204792 
0.999812 -0.000229129 -0.0193975 0.999812 0.000188596 0.999998 -0.00209141 0.000188596 0.0193979 0.00208735 0.99981 0.0193979 
0.999789 -0.000408956 -0.0205183 0.999789 0.000384124 0.999999 -0.00121414 0.000384124 0.0205188 0.001206 0.999789 0.0205188 
0.999807 -0.00126851 -0.0195929 0.999807 0.00125133 0.999999 -0.000888843 0.00125133 0.019594 0.000864155 0.999808 0.019594 
0.999801 -8.40381e-06 -0.0199461 0.999801 -7.43047e-06 1 -0.00079378 -7.43047e-06 0.0199461 0.000793771 0.999801 0.0199461 
0.999777 -0.00244291 -0.0209814 0.999777 0.00244936 0.999997 0.000281472 0.00244936 0.0209806 -0.0003328 0.99978 0.0209806 
0.999794 -0.000987612 -0.0202615 0.999794 0.00100335 0.999999 0.00076662 0.00100335 0.0202607 -0.000786791 0.999794 0.0202607 
0.999822 -0.000375344 -0.0188874 0.999822 0.000414681 0.999998 0.00207885 0.000414681 0.0188866 -0.00208631 0.999819 0.0188866 
0.999833 -0.00170262 -0.0182208 0.999833 0.00174668 0.999996 0.00240203 0.00174668 0.0182166 -0.00243345 0.999831 0.0182166 
0.999813 -0.000908322 -0.0193187 0.999813 0.000929492 0.999999 0.00108689 0.000929492 0.0193177 -0.00110464 0.999813 0.0193177 
0.999814 -2.32544e-05 -0.0193122 0.999814 7.21165e-05 0.999997 0.00252942 7.21165e-05 0.0193121 -0.00253035 0.99981 0.0193121 
0.999829 -0.000481284 -0.0184846 0.999829 0.000568543 0.999989 0.00471569 0.000568543 0.0184821 -0.00472539 0.999818 0.0184821 
0.999835 -0.00104319 -0.0181521 0.999835 0.00115552 0.99998 0.00617901 0.00115552 0.0181453 -0.00619897 0.999816 0.0181453 
0.999836 -0.00103782 -0.0180958 0.999836 0.00111656 0.99999 0.00434211 0.00111656 0.0180911 -0.0043616 0.999827 0.0180911 
0.999826 -0.00218996 -0.0185338 0.999826 0.00225127 0.999992 0.00328771 0.00225127 0.0185265 -0.00332886 0.999823 0.0185265 
0.999851 -0.001876 -0.0171701 0.999851 0.00192866 0.999993 0.00305075 0.00192866 0.0171642 -0.00308341 0.999848 0.0171642 
0.999838 0.000417088 -0.0179879 0.999838 -0.000433388 0.999999 -0.000902259 -0.000433388 0.0179875 0.000909908 0.999838 0.0179875 
0.999832 0.000603092 -0.0183049 0.999832 -0.000598648 1 0.000248218 -0.000598648 0.0183051 -0.000237219 0.999832 0.0183051 
0.99986 0.00133425 -0.016697 0.99986 -0.00126077 0.999989 0.00441067 -0.00126077 0.0167027 -0.004389 0.999851 0.0167027 
0.99984 -0.000256432 -0.0178757 0.99984 0.000324841 0.999993 0.00382417 0.000324841 0.0178746 -0.00382936 0.999833 0.0178746 
0.99985 -0.00262994 -0.0171138 0.99985 0.00262291 0.999996 -0.000433157 0.00262291 0.0171149 0.000388204 0.999853 0.0171149 
0.999837 -0.0019455 -0.0179365 0.999837 0.00194206 0.999998 -0.000209221 0.00194206 0.0179369 0.000174353 0.999839 0.0179369 
0.999825 -0.00286758 -0.0185123 0.999825 0.00290487 0.999994 0.00198746 0.00290487 0.0185065 -0.00204089 0.999827 0.0185065 
0.999799 0.00126768 -0.0199922 0.999799 -0.0012051 0.999994 0.00314193 -0.0012051 0.019996 -0.00311721 0.999795 0.019996 
0.999874 0.000756808 -0.0158324 0.999874 -0.000716983 0.999997 0.00252096 -0.000716983 0.0158343 -0.00250929 0.999871 0.0158343 
0.999809 0.000962761 -0.0195116 0.999809 -0.000874455 0.999989 0.00453388 -0.000874455 0.0195157 -0.00451595 0.999799 0.0195157 
0.999791 -0.000766657 -0.0204201 0.999791 0.000878667 0.999985 0.00547685 0.000878667 0.0204156 -0.00549365 0.999776 0.0204156 
0.999744 -0.00216224 -0.0225249 0.999744 0.00222153 0.999994 0.00260739 0.00222153 0.0225191 -0.00265676 0.999743 0.0225191 
0.999609 -0.00317577 -0.0277699 0.999609 0.00318109 0.999995 0.000147196 0.00318109 0.0277693 -0.000235477 0.999614 0.0277693 
0.999546 -0.00623126 -0.0294645 0.999546 0.00624143 0.99998 0.000253361 0.00624143 0.0294623 -0.000437147 0.999566 0.0294623 
0.999602 -0.00373245 -0.0279524 0.999602 0.00380076 0.99999 0.00239099 0.00380076 0.0279432 -0.00249628 0.999606 0.0279432 
0.99956 -0.003318 -0.0294716 0.99956 0.0033829 0.999992 0.00215264 0.0033829 0.0294642 -0.00225139 0.999563 0.0294642 
0.999644 -0.00061427 -0.0266637 0.999644 0.000637824 0.999999 0.000874877 0.000637824 0.0266632 -0.000891572 0.999644 0.0266632 
0.999789 -0.00124284 -0.0204909 0.999789 0.00124101 0.999999 -0.000101871 0.00124101 0.020491 7.64204e-05 0.99979 0.020491 
0.999705 0.000108244 -0.0243005 0.999705 -1.66355e-05 0.999993 0.00376998 -1.66355e-05 0.0243008 -0.00376846 0.999698 0.0243008 
0.999683 0.000665673 -0.0251734 0.999683 -0.000555205 0.99999 0.004395 -0.000555205 0.0251761 -0.00437963 0.999673 0.0251761 
0.999654 -0.000297887 -0.0262941 0.999654 0.000361742 0.999997 0.00242376 0.000361742 0.0262933 -0.00243243 0.999651 0.0262933 
0.99962 -0.00067408 -0.0275404 0.99962 0.000824373 0.999985 0.0054462 0.000824373 0.0275363 -0.00546684 0.999606 0.0275363 
0.999749 0.000360518 -0.022387 0.999749 -0.000344059 1 0.000739086 -0.000344059 0.0223873 -0.000731198 0.999749 0.0223873 
0.999679 -0.00049481 -0.0253151 0.999679 0.000545128 0.999998 0.00198078 0.000545128 0.0253141 -0.00199394 0.999678 0.0253141 
0.999772 0.00116687 -0.0213402 0.999772 -0.00112193 0.999997 0.00211746 -0.00112193 0.0213426 -0.00209303 0.99977 0.0213426 
0.999979 0.00109054 -0.00641925 0.999979 -0.00106667 0.999993 0.00372141 -0.00106667 0.00642326 -0.00371448 0.999972 0.00642326 
0.999861 0.00159261 -0.0165775 0.999861 -0.00154642 0.999995 0.00279856 -0.00154642 0.0165819 -0.00277253 0.999859 0.0165819 
0.999836 -0.000894818 -0.018091 0.999836 0.000919589 0.999999 0.00136097 0.000919589 0.0180897 -0.00137738 0.999835 0.0180897 
0.999978 -0.00106944 -0.00655564 0.999978 0.00107493 0.999999 0.000833371 0.00107493 0.00655475 -0.000840399 0.999978 0.00655475 
0.999805 -0.00262156 -0.0195688 0.999805 0.00259917 0.999996 -0.0011698 0.00259917 0.0195718 0.00111871 0.999808 0.0195718 
0.999807 -0.00341363 -0.0193279 0.999807 0.00337558 0.999992 -0.00200089 0.00337558 0.0193346 0.00193526 0.999811 0.0193346 
0.999984 -0.0046382 -0.00316273 0.999984 0.00462376 0.999979 -0.00455667 0.00462376 0.0031838 0.00454198 0.999985 0.0031838 
0.999713 -0.00345157 -0.0236934 0.999713 0.00345347 0.999994 3.92988e-05 0.00345347 0.0236931 -0.000121112 0.999719 0.0236931 
0.99973 -0.00151152 -0.0231695 0.99973 0.00156786 0.999996 0.00241362 0.00156786 0.0231657 -0.0024493 0.999729 0.0231657 
0.999771 -0.0044382 -0.0209109 0.999771 0.00445767 0.99999 0.000884637 0.00445767 0.0209067 -0.000977649 0.999781 0.0209067 
0.999793 -0.00257531 -0.0202014 0.999793 0.00253429 0.999995 -0.00205571 0.00253429 0.0202066 0.00200409 0.999794 0.0202066 
0.999645 -0.00292379 -0.0264703 0.999645 0.0028588 0.999993 -0.00249281 0.0028588 0.0264774 0.00241625 0.999646 0.0264774 
0.999743 -0.00130227 -0.0226484 0.999743 0.00124958 0.999996 -0.00234075 0.00124958 0.0226514 0.00231185 0.999741 0.0226514 
0.999794 -0.00266699 -0.0201334 0.999794 0.00261874 0.999994 -0.00242253 0.00261874 0.0201397 0.00236931 0.999794 0.0201397 
0.999719 -0.000393747 -0.0237221 0.999719 0.000346311 0.999998 -0.00200373 0.000346311 0.0237229 0.00199495 0.999717 0.0237229 
0.999719 -0.00368063 -0.0234363 0.999719 0.00366863 0.999993 -0.000555245 0.00366863 0.0234381 0.00046911 0.999725 0.0234381 
0.999606 -0.00411998 -0.0277534 0.999606 0.00408716 0.999991 -0.00123931 0.00408716 0.0277583 0.00112539 0.999614 0.0277583 
0.999746 -0.0007905 -0.0225249 0.999746 0.000801747 1 0.000490271 0.000801747 0.0225245 -0.000508206 0.999746 0.0225245 
0.999695 0.00398382 -0.0243585 0.999695 -0.00394795 0.999991 0.0015208 -0.00394795 0.0243644 -0.00142417 0.999702 0.0243644 
0.999728 -0.00147633 -0.0232564 0.999728 0.00142648 0.999997 -0.00215977 0.00142648 0.0232595 0.00212601 0.999727 0.0232595 
0.999718 -0.000988937 -0.0237192 0.999718 0.00097508 0.999999 -0.000595761 0.00097508 0.0237198 0.000572464 0.999718 0.0237198 
0.999742 -0.00310951 -0.0224865 0.999742 0.00321456 0.999984 0.00463689 0.00321456 0.0224717 -0.00470798 0.999736 0.0224717 
0.999785 -0.00325885 -0.0204606 0.999785 0.00345394 0.999949 0.00950643 0.00345394 0.0204286 -0.00957506 0.999745 0.0204286 
0.999819 -0.00415588 -0.0185739 0.999819 0.0042847 0.999967 0.00690096 0.0042847 0.0185446 -0.00697929 0.999804 0.0185446 
0.999734 -0.00416362 -0.0226988 0.999734 0.00422725 0.999987 0.00275611 0.00422725 0.0226871 -0.00285133 0.999739 0.0226871 
0.9998 -0.00770908 -0.018464 0.9998 0.0076848 0.99997 -0.00138519 0.0076848 0.0184741 0.00124302 0.999829 0.0184741 
0.999822 -0.00563339 -0.0179916 0.999822 0.00560245 0.999983 -0.00177006 0.00560245 0.0180013 0.00166895 0.999837 0.0180013 
0.999807 -0.00298677 -0.0194104 0.999807 0.00297621 0.999995 -0.000572737 0.00297621 0.019412 0.000514857 0.999811 0.019412 
0.999812 -0.00223329 -0.0192694 0.999812 0.00220031 0.999996 -0.00173223 0.00220031 0.0192732 0.0016895 0.999813 0.0192732 
0.999835 -0.00277606 -0.0179438 0.999835 0.00276549 0.999996 -0.00061367 0.00276549 0.0179454 0.000563946 0.999839 0.0179454 
0.999822 -0.00290615 -0.0186191 0.999822 0.00289213 0.999996 -0.000780107 0.00289213 0.0186213 0.00072612 0.999826 0.0186213 
0.9998 -0.00589825 -0.0191051 0.9998 0.00594171 0.99998 0.00221842 0.00594171 0.0190916 -0.00233149 0.999815 0.0190916 
0.999815 -0.00230217 -0.0191191 0.999815 0.00235073 0.999994 0.00251768 0.00235073 0.0191132 -0.00256216 0.999814 0.0191132 
0.999847 -0.000961098 -0.0174394 0.999847 0.000911792 0.999996 -0.002835 0.000911792 0.017442 0.00281866 0.999844 0.017442 
0.999881 -0.00116445 -0.0153619 0.999881 0.00110239 0.999991 -0.00404729 0.00110239 0.0153665 0.00402988 0.999874 0.0153665 
0.999902 -0.000835678 -0.0139406 0.999902 0.000776737 0.999991 -0.00423282 0.000776737 0.0139441 0.00422158 0.999894 0.0139441 
0.99992 0.00265699 -0.0123895 0.99992 -0.00270712 0.999988 -0.00403098 -0.00270712 0.0123787 0.0040642 0.999915 0.0123787 
0.999942 -0.0012161 -0.0106912 0.999942 0.00122277 0.999999 0.000618077 0.00122277 0.0106904 -0.000631114 0.999943 0.0106904 
0.999966 -0.00284475 -0.00775704 0.999966 0.00287476 0.999988 0.00386048 0.00287476 0.00774597 -0.00388265 0.999962 0.00774597 
0.999975 -0.00406577 -0.00579382 0.999975 0.00407956 0.999989 0.00236968 0.00407956 0.00578412 -0.00239326 0.99998 0.00578412 
0.999982 -0.000943073 -0.00594303 0.999982 0.000966541 0.999992 0.00394719 0.000966541 0.00593926 -0.00395287 0.999975 0.00593926 
