0.999999 0.000906761 -0.000688961 0.999999 -0.000906749 1 1.76898e-05 -0.000906749 0.000688976 -1.70651e-05 1 0.000688976 
0.999999 0.00120778 -0.00113691 0.999999 -0.00120807 0.999999 -0.000253835 -0.00120807 0.0011366 0.000255208 0.999999 0.0011366 
0.999998 0.00113097 -0.0017367 0.999998 -0.00113107 0.999999 -5.2608e-05 -0.00113107 0.00173664 5.45722e-05 0.999998 0.00173664 
0.999999 -0.000456539 -0.00147059 0.999999 0.000456562 1 1.49116e-05 0.000456562 0.00147059 -1.5583e-05 0.999999 0.00147059 
0.999996 -0.00162256 -0.00241959 0.999996 0.00161997 0.999998 -0.00107145 0.00161997 0.00242132 0.00106753 0.999996 0.00242132 
0.99999 -0.00222935 -0.00384844 0.99999 0.00222653 0.999997 -0.000736444 0.00222653 0.00385007 0.000727868 0.999992 0.00385007 
0.99995 -0.0013795 -0.00988439 0.99995 0.00137375 0.999999 -0.000587661 0.00137375 0.00988519 0.000574053 0.999951 0.00988519 
0.999988 0.00231363 -0.0042698 0.999988 -0.00231477 0.999997 -0.000261298 -0.00231477 0.00426918 0.000271179 0.999991 0.00426918 
0.999954 0.00045595 -0.00960369 0.999954 -0.000454844 1 0.000117292 -0.000454844 0.00960374 -0.000112919 0.999954 0.00960374 
1 0 0 1 0 1 0 0 0 0 1 0 
0.999993 0.000258511 -0.00372492 0.999993 -0.000261443 1 -0.000786656 -0.000261443 0.00372471 0.000787625 0.999993 0.00372471 
0.999985 -0.00362693 -0.00402642 0.999985 0.00363265 0.999992 0.00141226 0.00363265 0.00402127 -0.00142686 0.999991 0.00402127 
1 0.000604126 -0.000388685 1 -0.00060408 1 0.000118274 -0.00060408 0.000388756 -0.000118039 1 0.000388756 
0.999998 0.00199362 -0.000353793 0.999998 -0.00199359 0.999998 0.000106784 -0.00199359 0.000354005 -0.000106078 1 0.000354005 
1 0 0 1 0 1 0 0 0 0 1 0 
1 0 0 1 0 1 0 0 0 0 1 0 
0.999998 -0.00124396 0.00134853 0.999998 0.00124143 0.999997 0.0018779 0.00124143 -0.00135086 -0.00187622 0.999997 -0.00135086 
0.999999 0.00121994 0.000804774 0.999999 -0.00122022 0.999999 0.000344907 -0.00122022 -0.000804352 -0.000345889 1 -0.000804352 
0.999548 0.00289035 0.029923 0.999548 -0.00319957 0.999942 0.0102913 -0.00319957 -0.0298915 -0.0103824 0.999499 -0.0298915 
0.999997 -0.000499125 0.00247193 0.999997 0.000498583 1 0.000220191 0.000498583 -0.00247204 -0.000218958 0.999997 -0.00247204 
0.999996 0.00250702 0.00152253 0.999996 -0.00250512 0.999996 -0.00125155 -0.00250512 -0.00152566 0.00124773 0.999998 -0.00152566 
0.997746 0.000294299 0.0670996 0.997746 0.000999561 0.999814 -0.0192483 0.000999561 -0.0670928 0.019272 0.997561 -0.0670928 
0.999985 0.00244092 0.00493594 0.999985 -0.00244778 0.999996 0.00138454 -0.00244778 -0.00493254 -0.0013966 0.999987 -0.00493254 
0.999942 0.0037815 0.010049 0.999942 -0.00382085 0.999985 0.00390003 -0.00382085 -0.0100341 -0.0039382 0.999942 -0.0100341 
0.999974 -0.00218444 0.00692856 0.999974 0.00218093 0.999997 0.000514165 0.00218093 -0.00692966 -0.000499041 0.999976 -0.00692966 
0.999896 0.00174471 0.0143295 0.999896 -0.0017655 0.999997 0.0014385 -0.0017655 -0.0143269 -0.00146365 0.999896 -0.0143269 
0.999976 0.000360334 0.00687171 0.999976 -0.000362906 1 0.000372957 -0.000362906 -0.00687158 -0.000375442 0.999976 -0.00687158 
0.999975 -0.000924698 0.0070503 0.999975 0.000922631 1 0.000296447 0.000922631 -0.00705057 -0.000289935 0.999975 -0.00705057 
1 0 0 1 0 1 0 0 0 0 1 0 
0.999953 -0.00209731 0.00949664 0.999953 0.00208774 0.999997 0.00101794 0.00208774 -0.00949874 -0.000998067 0.999954 -0.00949874 
0.999998 -0.000463703 0.00188667 0.999998 0.000462726 1 0.000517979 0.000462726 -0.00188691 -0.000517105 0.999998 -0.00188691 
1 -0.000667654 -0.000457374 1 0.000667722 1 0.000147068 0.000667722 0.000457275 -0.000147374 1 0.000457275 
0.999992 0.00281326 -0.00274703 0.999992 -0.00280989 0.999995 0.00123056 -0.00280989 0.00275048 -0.00122283 0.999995 0.00275048 
0.999996 0.000907188 -0.00278975 0.999996 -0.000909788 0.999999 -0.000931043 -0.000909788 0.00278891 0.000933577 0.999996 0.00278891 
1 0 0 1 0 1 0 0 0 0 1 0 
1 -0.000696335 -0.000330937 1 0.000695775 0.999998 -0.00169182 0.000695775 0.000332115 0.00169159 0.999999 0.000332115 
0.999996 -0.000465781 -0.00270557 0.999996 0.000464806 1 -0.000360726 0.000464806 0.00270573 0.000359467 0.999996 0.00270573 
1 6.12702e-07 -0.000777959 1 -9.3899e-07 1 -0.000419416 -9.3899e-07 0.000777958 0.000419416 1 0.000777958 
1 0.000907059 -0.000306688 1 -0.000907369 0.999999 -0.00101233 -0.000907369 0.000305769 0.0010126 0.999999 0.000305769 
0.999994 0.00243445 -0.00244523 0.999994 -0.00243575 0.999997 -0.000528745 -0.00243575 0.00244393 0.000534698 0.999997 0.00244393 
0.999998 0.000419308 -0.00207741 0.999998 -0.000421802 0.999999 -0.00120002 -0.000421802 0.00207691 0.0012009 0.999997 0.00207691 
1 0 0 1 0 1 0 0 0 0 1 0 
1 0.000129213 -0.000923276 1 -0.000130292 0.999999 -0.00116805 -0.000130292 0.000923124 0.00116817 0.999999 0.000923124 
1 0 0 1 0 1 0 0 0 0 1 0 
0.999999 -0.000242278 -0.00118177 0.999999 0.000242154 1 -0.000105392 0.000242154 0.00118179 0.000105106 0.999999 0.00118179 
1 0.000513903 0.000213009 1 -0.000513786 1 -0.000548315 -0.000513786 -0.000213291 0.000548205 1 -0.000213291 
0.999999 -0.000652541 0.00116862 0.999999 0.000652736 1 -0.000166665 0.000652736 -0.00116851 0.000167428 0.999999 -0.00116851 
1 0.000438951 0.000304418 1 -0.000438514 0.999999 -0.00143629 -0.000438514 -0.000305048 0.00143615 0.999999 -0.000305048 
1 0 0 1 0 1 0 0 0 0 1 0 
1 0.000657028 -0.000151091 1 -0.000657124 1 -0.000630782 -0.000657124 0.000150677 0.000630881 1 0.000150677 
0.999997 0.00126503 -0.00200167 0.999997 -0.00126701 0.999999 -0.000989634 -0.00126701 0.00200042 0.000992167 0.999998 0.00200042 
1 0 0 1 0 1 0 0 0 0 1 0 
0.999991 0.00427838 0.000113582 0.999991 -0.0042784 0.999991 0.000125225 -0.0042784 -0.000113045 -0.00012571 1 -0.000113045 
0.999998 -0.0013638 -0.0011038 0.999998 0.00136281 0.999999 -0.000897195 0.00136281 0.00110502 0.00089569 0.999999 0.00110502 
0.999998 0.00179928 -0.00100642 0.999998 -0.0017988 0.999998 0.000481883 -0.0017988 0.00100728 -0.000480072 0.999999 0.00100728 
0.999994 -0.00112239 -0.00322979 0.999994 0.00111854 0.999999 -0.00119298 0.00111854 0.00323112 0.00118936 0.999994 0.00323112 
1 0 0 1 0 1 0 0 0 0 1 0 
1 0.000244348 -0.000202843 1 -0.000244243 1 0.000517189 -0.000244243 0.000202969 -0.00051714 1 0.000202969 
0.999999 0.00156878 0.000667763 0.999999 -0.00156991 0.999997 0.00168939 -0.00156991 -0.000665111 -0.00169043 0.999998 -0.000665111 
0.999931 -0.000919106 0.0117314 0.999931 0.000598205 0.999626 0.0273282 0.000598205 -0.0117522 -0.0273193 0.999558 -0.0117522 
1 0 0 1 0 1 0 0 0 0 1 0 
1 -0.000638544 -0.000259412 1 0.000638231 0.999999 -0.00120669 0.000638231 0.000260183 0.00120653 0.999999 0.000260183 
0.999998 -0.00176335 -0.000233636 0.999998 0.00176321 0.999998 -0.000567503 0.00176321 0.000234636 0.00056709 1 0.000234636 
0.999998 -0.00193448 0.000913599 0.999998 0.00193542 0.999998 -0.00102499 0.00193542 -0.000911614 0.00102676 0.999999 -0.000911614 
1 0 0 1 0 1 0 0 0 0 1 0 
0.999994 3.69114e-05 -0.00339718 0.999994 -3.01812e-05 0.999998 0.00198114 -3.01812e-05 0.00339725 -0.00198103 0.999992 0.00339725 
1 0 0 1 0 1 0 0 0 0 1 0 
0.999999 0.000483299 -0.0014123 0.999999 -0.000482677 1 0.000440568 -0.000482677 0.00141251 -0.000439885 0.999999 0.00141251 
0.999999 6.75587e-06 -0.00109675 0.999999 -5.61446e-06 0.999999 0.00104073 -5.61446e-06 0.00109675 -0.00104072 0.999999 0.00109675 
0.999998 0.000428625 -0.00182347 0.999998 -0.000426416 0.999999 0.00121154 -0.000426416 0.00182399 -0.00121076 0.999998 0.00182399 
0.999999 0.00124988 -0.00038651 0.999999 -0.0012498 0.999999 0.000197976 -0.0012498 0.000386757 -0.000197492 1 0.000386757 
0.999999 0.000414031 0.00137078 0.999999 -0.000415736 0.999999 0.00124434 -0.000415736 -0.00137026 -0.00124491 0.999998 -0.00137026 
1 -3.01646e-05 -0.00038913 1 3.03048e-05 1 0.000360244 3.03048e-05 0.000389119 -0.000360256 1 0.000389119 
1 -0.000264432 0.000181511 1 0.000264523 1 -0.000502312 0.000264523 -0.000181378 0.00050236 1 -0.000181378 
1 -0.00034053 0.000217011 1 0.00034039 1 0.000642354 0.00034039 -0.00021723 -0.00064228 1 -0.00021723 
1 0 0 1 0 1 0 0 0 0 1 0 
1 -0.000180406 -0.00043188 1 0.000180693 1 0.000665947 0.000180693 0.00043176 -0.000666025 1 0.00043176 
0.999994 -0.00323685 -0.0012218 0.999994 0.00323741 0.999995 0.000449509 0.00323741 0.00122034 -0.000453461 0.999999 0.00122034 
1 0 0 1 0 1 0 0 0 0 1 0 
1 0 0 1 0 1 0 0 0 0 1 0 
0.999996 0.00283933 -0.00063502 0.999996 -0.00283797 0.999994 0.00213878 -0.00283797 0.000641088 -0.00213697 0.999998 0.000641088 
0.999981 0.00484992 -0.00382659 0.999981 -0.00485178 0.999988 -0.000476151 -0.00485178 0.00382424 0.000494708 0.999993 0.00382424 
0.999995 0.00298996 0.000788293 0.999995 -0.00298986 0.999996 -0.000136998 -0.00298986 -0.000788699 0.000134641 1 -0.000788699 
0.999997 0.00224391 0.000480071 0.999997 -0.00224358 0.999997 -0.000678506 -0.00224358 -0.000481592 0.000677427 1 -0.000481592 
1 0 0 1 0 1 0 0 0 0 1 0 
0.999997 -0.00107412 0.00218736 0.999997 0.00107464 0.999999 -0.000235539 0.00107464 -0.0021871 0.000237889 0.999998 -0.0021871 
1 0 0 1 0 1 0 0 0 0 1 0 
0.999999 -0.00136695 0.000454519 0.999999 0.00136733 0.999999 -0.000843206 0.00136733 -0.000453366 0.000843826 1 -0.000453366 
0.999999 0.00112622 -0.000141481 0.999999 -0.00112614 0.999999 0.000534302 -0.00112614 0.000142083 -0.000534142 1 0.000142083 
0.999998 0.000157192 -0.00216564 0.999998 -0.000154118 0.999999 0.00141995 -0.000154118 0.00216586 -0.00141961 0.999997 0.00216586 
0.999995 0.00174866 -0.00264034 0.999995 -0.00174985 0.999998 -0.000449003 -0.00174985 0.00263956 0.000453621 0.999996 0.00263956 
1 0 0 1 0 1 0 0 0 0 1 0 
0.999992 0.00208666 -0.00339903 0.999992 -0.00208397 0.999998 0.000793732 -0.00208397 0.00340067 -0.000786642 0.999994 0.00340067 
1 0 0 1 0 1 0 0 0 0 1 0 
0.999999 -0.00114284 0.000386955 0.999999 0.00114256 0.999999 0.000703109 0.00114256 -0.000387758 -0.000702666 1 -0.000387758 
0.999998 0.000623275 0.00185404 0.999998 -0.000623156 1 -6.4568e-05 -0.000623156 -0.00185408 6.34125e-05 0.999998 -0.00185408 
1 2.29657e-05 0.000940214 1 -2.25898e-05 1 -0.000399804 -2.25898e-05 -0.000940224 0.000399783 0.999999 -0.000940224 
0.999992 0.0016568 0.00376638 0.999992 -0.00165565 0.999999 -0.000310177 -0.00165565 -0.00376689 0.000303939 0.999993 -0.00376689 
0.999999 -0.000246227 0.00158777 0.999999 0.000247222 1 -0.000626404 0.000247222 -0.00158762 0.000626796 0.999999 -0.00158762 
0.999997 0.00118679 0.00216415 0.999997 -0.00118662 0.999999 -8.11181e-05 -0.00118662 -0.00216425 7.85498e-05 0.999998 -0.00216425 
0.999983 -0.000116708 0.00582018 0.999983 0.00011751 1 -0.000137489 0.00011751 -0.00582016 0.000138171 0.999983 -0.00582016 
0.999995 0.00203662 0.0025046 0.999995 -0.00203678 0.999998 5.9004e-05 -0.00203678 -0.00250448 -6.4105e-05 0.999997 -0.00250448 
0.999991 -0.000437966 0.00430056 0.999991 0.000445512 0.999998 -0.00175389 0.000445512 -0.00429978 0.00175579 0.999989 -0.00429978 
0.999997 0.000190707 0.00228062 0.999997 -0.000190993 1 0.000125145 -0.000190993 -0.00228059 -0.00012558 0.999997 -0.00228059 
0.99976 0.00175443 0.0218147 0.99976 -0.00210557 0.999868 0.0160838 -0.00210557 -0.0217836 -0.0161259 0.999633 -0.0217836 
0.999991 0.00167326 0.00378121 0.999991 -0.00166951 0.999998 -0.000993108 -0.00166951 -0.00378287 0.000986787 0.999992 -0.00378287 
0.999999 -0.000701166 0.00123836 0.999999 0.000701597 1 -0.000347574 0.000701597 -0.00123812 0.000348442 0.999999 -0.00123812 
0.999994 -0.00145127 0.00308891 0.999994 0.00145393 0.999999 -0.000859296 0.00145393 -0.00308766 0.000863782 0.999995 -0.00308766 
0.999999 -0.00142501 -8.65272e-05 0.999999 0.00142512 0.999998 0.0013715 0.00142512 8.45727e-05 -0.00137162 0.999999 8.45727e-05 
0.999998 -0.0001303 -0.00217334 0.999998 0.000130833 1 0.000245208 0.000130833 0.0021733 -0.000245492 0.999998 0.0021733 
0.999999 -0.000339475 0.00111619 0.999999 0.000339109 1 0.000328338 0.000339109 -0.0011163 -0.000327959 0.999999 -0.0011163 
0.999999 8.45584e-05 -0.00145473 0.999999 -8.46413e-05 1 -5.69466e-05 -8.46413e-05 0.00145472 5.70697e-05 0.999999 0.00145472 
0.999999 -0.000875356 -0.00109032 0.999999 0.000876476 0.999999 0.00102733 0.000876476 0.00108942 -0.00102828 0.999999 0.00108942 
0.999996 -0.000296901 -0.00277476 0.999996 0.000297796 1 0.000322068 0.000297796 0.00277466 -0.000322893 0.999996 0.00277466 
1 0 0 1 0 1 0 0 0 0 1 0 
0.999995 -0.000594822 -0.00306078 0.999995 0.000606137 0.999993 0.00369728 0.000606137 0.00305855 -0.00369912 0.999988 0.00305855 
1 0.000282232 -0.000129857 1 -0.000282265 1 -0.000259918 -0.000282265 0.000129783 0.000259955 1 0.000129783 
0.999999 0.000430181 -0.00167202 0.999999 -0.000427361 0.999998 0.00168685 -0.000427361 0.00167275 -0.00168613 0.999997 0.00167275 
0.999999 -1.38677e-05 -0.00129514 0.999999 1.58706e-05 0.999999 0.00154652 1.58706e-05 0.00129512 -0.00154654 0.999998 0.00129512 
0.999999 0.00077709 -0.000772989 0.999999 -0.000777185 1 -0.000123029 -0.000777185 0.000772893 0.00012363 1 0.000772893 
0.999999 -0.000636518 0.00103984 0.999999 0.000636442 1 7.29646e-05 0.000636442 -0.00103989 -7.23027e-05 0.999999 -0.00103989 
0.999999 0.000475594 0.00114298 0.999999 -0.000475164 1 -0.000376578 -0.000475164 -0.00114316 0.000376035 0.999999 -0.00114316 
0.999995 0.000920875 0.00315653 0.999995 -0.000920342 1 -0.000170162 -0.000920342 -0.00315668 0.000167256 0.999995 -0.00315668 
0.999997 -0.00189238 0.0011932 0.999997 0.00189353 0.999998 -0.000959882 0.00189353 -0.00119138 0.000962139 0.999999 -0.00119138 
0.999905 0.00166178 0.013691 0.999905 -0.00176351 0.999971 0.00742228 -0.00176351 -0.0136783 -0.00744571 0.999879 -0.0136783 
0.99998 0.00195619 -0.00605142 0.99998 -0.00202337 0.999936 -0.0111146 -0.00202337 0.00602929 0.0111266 0.99992 0.00602929 
0.999997 0.000516274 0.00250458 0.999997 -0.000516079 1 -7.83345e-05 -0.000516079 -0.00250462 7.70417e-05 0.999997 -0.00250462 
0.999995 -0.00254567 0.00176747 0.999995 0.0025471 0.999996 -0.000804512 0.0025471 -0.00176541 0.00080901 0.999998 -0.00176541 
0.999995 -0.00138651 0.00276663 0.999995 0.00138774 0.999999 -0.000444481 0.00138774 -0.00276601 0.000448318 0.999996 -0.00276601 
1 -0.000433946 0.000646879 1 0.000434101 1 -0.000240121 0.000434101 -0.000646774 0.000240402 1 -0.000646774 
1 -0.000174819 0.000466424 1 0.000174925 1 -0.000227761 0.000174925 -0.000466384 0.000227843 1 -0.000466384 
0.999999 0.000380152 0.00116454 0.999999 -0.000380043 1 -9.36012e-05 -0.000380043 -0.00116457 9.31586e-05 0.999999 -0.00116457 
0.999999 0.000370278 -0.00116138 0.999999 -0.000369638 1 0.000551445 -0.000369638 0.00116158 -0.000551015 0.999999 0.00116158 
1 0 0 1 0 1 0 0 0 0 1 0 
0.999995 -0.000974891 -0.00315185 0.999995 0.000970093 0.999998 -0.00152328 0.000970093 0.00315333 0.00152022 0.999994 0.00315333 
0.999995 -0.00205641 -0.00234442 0.999995 0.00206447 0.999992 0.00343995 0.00206447 0.00233733 -0.00344477 0.999991 0.00233733 
0.999988 -0.00365273 -0.0031673 0.999988 0.00365333 0.999993 0.000183982 0.00365333 0.00316661 -0.000195551 0.999995 0.00316661 
0.999998 -0.000335367 -0.00212012 0.999998 0.000334539 1 -0.000390874 0.000334539 0.00212025 0.000390164 0.999998 0.00212025 
0.999996 2.48871e-05 -0.00266679 0.999996 -2.44693e-05 1 0.000156702 -2.44693e-05 0.0026668 -0.000156636 0.999996 0.0026668 
0.999995 -0.0029813 -0.00110951 0.999995 0.00298062 0.999995 -0.000613778 0.00298062 0.00111134 0.000610468 0.999999 0.00111134 
0.999992 -0.00171249 -0.00358137 0.999992 0.00171215 0.999999 -9.64925e-05 0.00171215 0.00358153 9.03599e-05 0.999994 0.00358153 
0.999999 -0.000330621 -0.00150932 0.999999 0.000333168 0.999999 0.00168757 0.000333168 0.00150876 -0.00168807 0.999997 0.00150876 
0.999993 0.00250528 -0.00267848 0.999993 -0.00250163 0.999996 0.00136692 -0.00250163 0.00268189 -0.00136021 0.999995 0.00268189 
0.999999 0.00116105 -9.14352e-05 0.999999 -0.00116098 0.999999 0.000831653 -0.00116098 9.24007e-05 -0.000831546 1 9.24007e-05 
1 -7.09522e-05 0.000723667 1 7.01693e-05 0.999999 0.00108176 7.01693e-05 -0.000723743 -0.00108171 0.999999 -0.000723743 
0.999999 -0.00101896 0.000641343 0.999999 0.00101912 0.999999 -0.000249069 0.00101912 -0.000641089 0.000249723 1 -0.000641089 
1 0 0 1 0 1 0 0 0 0 1 0 
0.999999 -9.05397e-05 0.00165983 0.999999 9.00845e-05 1 0.000274368 9.00845e-05 -0.00165985 -0.000274218 0.999999 -0.00165985 
0.999999 0.000717823 0.000863585 0.999999 -0.000718142 1 0.000369827 -0.000718142 -0.00086332 -0.000370447 1 -0.00086332 
0.999998 0.0021393 -0.00013946 0.999998 -0.00213927 0.999998 0.000218172 -0.00213927 0.000139926 -0.000217873 1 0.000139926 
1 2.68303e-05 4.93467e-05 1 -2.68536e-05 1 0.0004722 -2.68536e-05 -4.9334e-05 -0.000472201 1 -4.9334e-05 
1 -0.000230918 0.000867634 1 0.000230823 1 0.000108991 0.000230823 -0.000867659 -0.000108791 1 -0.000867659 
1 -0.000143398 0.000215323 1 0.000143343 1 0.000254399 0.000143343 -0.000215359 -0.000254368 1 -0.000215359 
0.999998 -0.00177662 0.00109342 0.999998 0.0017771 0.999998 -0.000445007 0.0017771 -0.00109263 0.000446949 0.999999 -0.00109263 
0.999989 -0.00467887 0.00104599 0.999989 0.004678 0.999989 0.000828014 0.004678 -0.00104986 -0.000823111 0.999999 -0.00104986 
1 -0.000665417 0.00046584 1 0.000665587 1 -0.000364901 0.000665587 -0.000465597 0.000365211 1 -0.000465597 
0.999999 -0.00167753 8.59598e-05 0.999999 0.00167767 0.999997 -0.00159016 0.00167767 -8.3292e-05 0.00159031 0.999999 -8.3292e-05 
0.999992 -0.00393682 -0.000872444 0.999992 0.00393603 0.999992 -0.000902432 0.00393603 0.00087599 0.00089899 0.999999 0.00087599 
0.999989 -0.00153465 -0.00445148 0.999989 0.00154107 0.999998 0.00143861 0.00154107 0.00444926 -0.00144545 0.999989 0.00444926 
0.999997 -0.000796075 -0.00242632 0.999997 0.000793958 0.999999 -0.000873323 0.000793958 0.00242702 0.000871393 0.999997 0.00242702 
1 0.000848785 0.000311122 1 -0.00084849 0.999999 -0.000946216 -0.00084849 -0.000311924 0.000945952 1 -0.000311924 
0.999998 -0.0019217 -0.000104821 0.999998 0.00192163 0.999998 -0.000622252 0.00192163 0.000106016 0.000622049 1 0.000106016 
0.999999 0.000424065 -0.00119105 0.999999 -0.000423796 1 0.000226097 -0.000423796 0.00119115 -0.000225592 0.999999 0.00119115 
0.999999 -0.000690043 -0.000778279 0.999999 0.000689569 1 -0.000609823 0.000689569 0.000778699 0.000609286 1 0.000778699 
0.999998 0.00164492 -0.000770286 0.999998 -0.00164485 0.999999 9.04394e-05 -0.00164485 0.000770434 -8.91722e-05 1 0.000770434 
1 0.000370968 -0.000458566 1 -0.000371216 1 -0.00054001 -0.000371216 0.000458365 0.00054018 1 0.000458365 
1 -3.49969e-05 0.00079353 1 3.51734e-05 1 -0.00022243 3.51734e-05 -0.000793522 0.000222458 1 -0.000793522 
0.999997 -0.000543917 0.00254258 0.999997 0.000543841 1 3.05783e-05 0.000543841 -0.0025426 -2.91954e-05 0.999997 -0.0025426 
0.999998 -0.00196455 0.00102522 0.999998 0.00196508 0.999998 -0.000520222 0.00196508 -0.0010242 0.000522235 0.999999 -0.0010242 
0.999997 0.000370489 0.00259336 0.999997 -0.000374379 0.999999 0.00149977 -0.000374379 -0.0025928 -0.00150073 0.999996 -0.0025928 
0.999998 0.00223367 -6.9543e-05 0.999998 -0.0022336 0.999997 0.000860598 -0.0022336 7.14651e-05 -0.00086044 1 7.14651e-05 
0.999999 0.00135962 0.000160261 0.999999 -0.00135965 0.999999 0.000193861 -0.00135965 -0.000159997 -0.000194078 1 -0.000159997 
1 -9.01214e-07 -0.000501076 1 6.79592e-07 1 -0.000442293 6.79592e-07 0.000501076 0.000442292 1 0.000501076 
1 -0.000641552 0.000262801 1 0.000641593 1 -0.000153216 0.000641593 -0.000262703 0.000153384 1 -0.000262703 
0.999999 0.000372883 0.00131398 0.999999 -0.000372008 1 -0.000666379 -0.000372008 -0.00131423 0.000665889 0.999999 -0.00131423 
1 -0.000213187 0.000886887 1 0.000213011 1 0.000198145 0.000213011 -0.000886929 -0.000197956 1 -0.000886929 
0.999999 0.000191209 0.000987866 0.999999 -0.000191913 1 0.000713139 -0.000191913 -0.00098773 -0.000713328 0.999999 -0.00098773 
0.999999 -2.57208e-05 0.00132879 0.999999 2.42613e-05 0.999999 0.00109836 2.42613e-05 -0.00132882 -0.00109832 0.999999 -0.00132882 
0.999998 0.00200116 4.86419e-05 0.999998 -0.00200124 0.999996 0.00173264 -0.00200124 -4.51744e-05 -0.00173273 0.999998 -4.51744e-05 
0.999998 -0.00148038 0.00102379 0.999998 0.00148055 0.999999 -0.000173845 0.00148055 -0.00102353 0.00017536 0.999999 -0.00102353 
1 -0.000116102 0.000914537 1 0.000115248 1 0.000934211 0.000115248 -0.000914645 -0.000934105 0.999999 -0.000914645 
0.999998 -0.00212881 0.000286968 0.999998 0.00212892 0.999998 -0.000380304 0.00212892 -0.000286158 0.000380914 1 -0.000286158 
1 0.000575062 0.000179216 1 -0.00057521 0.999999 0.00082841 -0.00057521 -0.00017874 -0.000828513 1 -0.00017874 
0.999999 -0.00115266 0.000946026 0.999999 0.00115305 0.999999 -0.000408584 0.00115305 -0.000945554 0.000409674 0.999999 -0.000945554 
0.999995 -0.00109245 0.0029522 0.999995 0.0010919 0.999999 0.000190089 0.0010919 -0.00295241 -0.000186864 0.999996 -0.00295241 
0.999993 -0.000335217 0.00361097 0.999993 0.00033581 1 -0.000163651 0.00033581 -0.00361091 0.000164862 0.999993 -0.00361091 
0.999998 0.00101716 0.00145471 0.999998 -0.00101739 0.999999 0.000155252 -0.00101739 -0.00145456 -0.000156731 0.999999 -0.00145456 
0.999997 0.00225272 0.000825006 0.999997 -0.00225175 0.999997 -0.00117947 -0.00225175 -0.00082766 0.00117761 0.999999 -0.00082766 
1 0.000230384 -0.000167159 1 -0.000230509 1 -0.000749681 -0.000230509 0.000166986 0.00074972 1 0.000166986 
0.999991 0.0023947 -0.00336514 0.999991 -0.00239689 0.999997 -0.000648261 -0.00239689 0.00336357 0.000656321 0.999994 0.00336357 
0.999998 -0.000408781 -0.00168946 0.999998 0.000408601 1 -0.000107188 0.000408601 0.0016895 0.000106497 0.999999 0.0016895 
0.999996 -0.00271869 -0.000846264 0.999996 0.00271903 0.999996 0.000400219 0.00271903 0.000845173 -0.000402519 1 0.000845173 
0.999999 4.25913e-05 0.00159983 0.999999 -4.49809e-05 0.999999 0.00149365 -4.49809e-05 -0.00159977 -0.00149372 0.999998 -0.00159977 
0.999993 0.000206628 -0.00383706 0.999993 -0.000210762 0.999999 -0.00107687 -0.000210762 0.00383683 0.00107767 0.999992 0.00383683 
1 0 0 1 0 1 0 0 0 0 1 0 
0.999988 0.000379654 -0.00485858 0.999988 -0.000389805 0.999998 -0.00208856 -0.000389805 0.00485778 0.00209043 0.999986 0.00485778 
0.999998 0.00192084 -0.00060466 0.999998 -0.00191996 0.999997 0.00144943 -0.00191996 0.000607442 -0.00144826 0.999999 0.000607442 
0.999978 0.00411349 -0.00517988 0.999978 -0.0041285 0.999987 -0.00288999 -0.0041285 0.00516792 0.00291131 0.999982 0.00516792 
0.999919 -0.00377856 0.012173 0.999919 0.00385317 0.999974 -0.00611159 0.00385317 -0.0121496 0.006158 0.999907 -0.0121496 
1 0 0 1 0 1 0 0 0 0 1 0 
0.999999 -0.00113867 -0.000723528 0.999999 0.0011387 0.999999 4.2282e-05 0.0011387 0.00072348 -4.31059e-05 1 0.00072348 
0.999997 0.00223742 -0.0012504 0.999997 -0.00223883 0.999997 -0.00112952 -0.00223883 0.00124787 0.00113232 0.999999 0.00124787 
1 0 0 1 0 1 0 0 0 0 1 0 
0.999991 -0.000902137 -0.00412951 0.999991 0.000893419 0.999997 -0.00211244 0.000893419 0.0041314 0.00210873 0.999989 0.0041314 
1 0 0 1 0 1 0 0 0 0 1 0 
0.999995 -0.0016978 -0.00253233 0.999995 0.00169374 0.999997 -0.00160449 0.00169374 0.00253504 0.00160019 0.999996 0.00253504 
0.999983 0.00118045 -0.00577125 0.999983 -0.00117641 0.999999 0.00070331 -0.00117641 0.00577208 -0.000696508 0.999983 0.00577208 
0.999999 0.000491806 -0.00133471 0.999999 -0.000490351 0.999999 0.00109069 -0.000490351 0.00133524 -0.00109003 0.999999 0.00133524 
0.999999 0.00117692 -0.0010278 0.999999 -0.00117472 0.999997 0.0021446 -0.00117472 0.00103032 -0.00214339 0.999997 0.00103032 
1 -0.000156973 0.000295523 1 0.000156899 1 0.000249519 0.000156899 -0.000295562 -0.000249473 1 -0.000295562 
1 -0.000483076 0.000760073 1 0.000483083 1 -8.26517e-06 0.000483083 -0.000760069 8.63234e-06 1 -0.000760069 
0.999996 -0.00110731 0.00262945 0.999996 0.00110673 0.999999 0.000220784 0.00110673 -0.00262969 -0.000217873 0.999997 -0.00262969 
0.999993 0.00207219 0.00300157 0.999993 -0.00207026 0.999998 -0.00064477 -0.00207026 -0.0030029 0.000638552 0.999995 -0.0030029 
0.99998 -0.00123743 0.00617989 0.99998 0.00124074 0.999999 -0.000531569 0.00124074 -0.00617922 0.000539226 0.999981 -0.00617922 
0.999994 0.00100224 0.00338464 0.999994 -0.00100117 0.999999 -0.000318639 -0.00100117 -0.00338496 0.000315248 0.999994 -0.00338496 
0.999986 -0.000587337 0.00519145 0.999986 0.000586463 1 0.00016986 0.000586463 -0.00519155 -0.000166813 0.999987 -0.00519155 
1 0 0 1 0 1 0 0 0 0 1 0 
0.999996 -0.000145625 0.00273206 0.999996 0.000149992 0.999999 -0.00159824 0.000149992 -0.00273182 0.00159865 0.999995 -0.00273182 
0.999996 -0.00264209 -0.00078031 0.999996 0.00264048 0.999994 -0.0020641 0.00264048 0.000785759 0.00206203 0.999998 0.000785759 
0.999999 0.000423827 0.0012996 0.999999 -0.000420957 0.999997 -0.0022079 -0.000420957 -0.00130053 0.00220735 0.999997 -0.00130053 
0.999997 0.000133908 0.00241251 0.999997 -0.000129511 0.999998 -0.00182272 -0.000129511 -0.00241275 0.0018224 0.999995 -0.00241275 
0.999989 -0.000342171 0.00474482 0.999989 0.00034255 1 -7.90708e-05 0.00034255 -0.00474479 8.06953e-05 0.999989 -0.00474479 
0.999984 0.00342325 0.0044193 0.999984 -0.00342736 0.999994 0.00092493 -0.00342736 -0.00441611 -0.000940062 0.99999 -0.00441611 
0.999988 -0.000469264 0.00478038 0.999988 0.000474236 0.999999 -0.00103903 0.000474236 -0.00477989 0.00104129 0.999988 -0.00477989 
0.999998 -0.000442019 0.00205097 0.999998 0.000445605 0.999998 -0.00174817 0.000445605 -0.0020502 0.00174908 0.999996 -0.0020502 
0.999989 -0.00461533 -0.000743802 0.999989 0.00461485 0.999989 -0.000643053 0.00461485 0.000746762 0.000639613 1 0.000746762 
1 0.000406692 -0.000522516 1 -0.000405721 0.999998 0.001856 -0.000405721 0.00052327 -0.00185579 0.999998 0.00052327 
0.999991 0.00409422 -0.000616812 0.999991 -0.00409335 0.999991 0.00140691 -0.00409335 0.000622566 -0.00140438 0.999999 0.000622566 
0.999997 0.0005496 -0.00240468 0.999997 -0.000546201 0.999999 0.00141395 -0.000546201 0.00240545 -0.00141263 0.999996 0.00240545 
1 0 0 1 0 1 0 0 0 0 1 0 
0.999997 -0.000937458 -0.0021875 0.999997 0.000939752 0.999999 0.00104817 0.000939752 0.00218652 -0.00105023 0.999997 0.00218652 
0.999998 0.00179033 -0.000120193 0.999998 -0.0017903 0.999998 0.000235095 -0.0017903 0.000120614 -0.000234879 1 0.000120614 
1 0 0 1 0 1 0 0 0 0 1 0 
0.999996 -0.00229566 0.00179492 0.999996 0.00229227 0.999996 0.00189227 0.00229227 -0.00179926 -0.00188814 0.999997 -0.00179926 
1 -0.000894391 0.000107888 1 0.000894336 0.999999 0.0005111 0.000894336 -0.000108345 -0.000511003 1 -0.000108345 
1 0.000259318 -0.000491664 1 -0.000259324 1 -1.22191e-05 -0.000259324 0.000491661 1.23466e-05 1 0.000491661 
0.999995 0.000642316 -0.00313211 0.999995 -0.000635632 0.999998 0.00213434 -0.000635632 0.00313347 -0.00213234 0.999993 0.00313347 
1 0 0 1 0 1 0 0 0 0 1 0 
1 0 0 1 0 1 0 0 0 0 1 0 
0.999998 0.00117216 -0.00140408 0.999998 -0.00117553 0.999996 -0.00240036 -0.00117553 0.00140126 0.002402 0.999996 0.00140126 
0.999987 -0.000913442 -0.00495913 0.999987 0.000923041 0.999998 0.00193365 0.000923041 0.00495735 -0.0019382 0.999986 0.00495735 
0.999999 0.00091568 -0.000880971 0.999999 -0.000916659 0.999999 -0.00111144 -0.000916659 0.000879953 0.00111225 0.999999 0.000879953 
0.999884 -0.00324615 0.0148864 0.999884 0.00318191 0.999986 0.00433696 0.00318191 -0.0149003 -0.00428908 0.99988 -0.0149003 
0.999999 2.15426e-05 -0.00100925 0.999999 -2.19972e-05 1 -0.000450462 -2.19972e-05 0.00100924 0.000450484 0.999999 0.00100924 
1 0 0 1 0 1 0 0 0 0 1 0 
0.999999 -0.00126767 -0.000515076 0.999999 0.00126799 0.999999 0.000625066 0.00126799 0.000514283 -0.000625719 1 0.000514283 
0.999993 -0.00309541 -0.00185685 0.999993 0.00309038 0.999992 -0.00270328 0.00309038 0.0018652 0.00269753 0.999995 0.0018652 
0.999995 -0.000959198 -0.00317466 0.999995 0.000960705 0.999999 0.000473127 0.000960705 0.0031742 -0.000476174 0.999995 0.0031742 
0.999977 -0.000478021 -0.0068226 0.999977 0.000463635 0.999998 -0.00210992 0.000463635 0.0068236 0.00210671 0.999974 0.0068236 
0.999987 -0.000892625 -0.00506579 0.999987 0.000887926 0.999999 -0.000929786 0.000887926 0.00506661 0.000925276 0.999987 0.00506661 
0.999989 0.000292114 -0.00476728 0.999989 -0.000296112 1 -0.000837953 -0.000296112 0.00476703 0.000839355 0.999988 0.00476703 
0.999838 -0.000790975 -0.0179953 0.999838 0.000714369 0.999991 -0.00426302 0.000714369 0.0179985 0.00424947 0.999829 0.0179985 
0.999984 -0.000793807 -0.00551234 0.999984 0.00079014 0.999999 -0.000667287 0.00079014 0.00551287 0.000662921 0.999985 0.00551287 
0.999825 -0.00147465 -0.0186454 0.999825 0.00143554 0.999997 -0.00211073 0.00143554 0.0186484 0.00208359 0.999824 0.0186484 
0.999987 0.00203917 -0.00470121 0.999987 -0.00203944 0.999998 -5.34074e-05 -0.00203944 0.00470109 6.29945e-05 0.999989 0.00470109 
0.999975 0.00449132 -0.00543135 0.999975 -0.00451172 0.999983 -0.00374948 -0.00451172 0.00541441 0.00377389 0.999978 0.00541441 
0.999908 -0.00210523 0.0133918 0.999908 0.00192965 0.999912 0.0131104 0.00192965 -0.0134183 -0.0130834 0.999824 -0.0134183 
0.999996 0.0021006 0.00172386 0.999996 -0.00210037 0.999998 -0.000138554 -0.00210037 -0.00172415 0.000134932 0.999999 -0.00172415 
1 0 0 1 0 1 0 0 0 0 1 0 
1 0 0 1 0 1 0 0 0 0 1 0 
0.999997 0.000762098 0.00229362 0.999997 -0.000763118 1 0.000443763 -0.000763118 -0.00229328 -0.000445512 0.999997 -0.00229328 
0.999845 -0.000427775 0.0175943 0.999845 0.000498013 0.999992 -0.00398789 0.000498013 -0.0175925 0.00399603 0.999837 -0.0175925 
0.999991 -0.000466632 -0.00425564 0.999991 0.000520077 0.999921 0.0125662 0.000520077 0.00424944 -0.0125683 0.999912 0.00424944 
0.999698 0.00161796 -0.0245357 0.999698 -0.00153201 0.999993 0.00352143 -0.00153201 0.0245412 -0.00348278 0.999693 0.0245412 
0.999949 0.000758279 0.0100969 0.999949 -0.000831424 0.999973 0.00724208 -0.000831424 -0.0100912 -0.0072501 0.999923 -0.0100912 
0.999991 -0.00302672 -0.00305277 0.999991 0.00302228 0.999994 -0.00145708 0.00302228 0.00305716 0.00144784 0.999994 0.00305716 
0.999996 0.00223299 0.00149708 0.999996 -0.00223236 0.999997 -0.000425763 -0.00223236 -0.00149802 0.00042242 0.999999 -0.00149802 
0.999996 0.00135741 0.00258379 0.999996 -0.00135954 0.999999 0.000819663 -0.00135954 -0.00258267 -0.000823172 0.999996 -0.00258267 
0.999988 0.00173596 0.00449841 0.999988 -0.00173212 0.999998 -0.0008565 -0.00173212 -0.00449989 0.000848699 0.99999 -0.00449989 
0.999995 0.00224426 0.00225365 0.999995 -0.00224669 0.999997 0.00107549 -0.00224669 -0.00225123 -0.00108055 0.999997 -0.00225123 
0.999985 0.000651891 0.00541732 0.999985 -0.00067175 0.999993 0.00366483 -0.00067175 -0.00541489 -0.00366841 0.999979 -0.00541489 
0.999997 0.000854072 0.00232072 0.999997 -0.000853893 1 -7.81631e-05 -0.000853893 -0.00232079 7.61812e-05 0.999997 -0.00232079 
0.999995 0.00291485 0.00132119 0.999995 -0.00291715 0.999994 0.00174501 -0.00291715 -0.0013161 -0.00174885 0.999998 -0.0013161 
0.999969 0.000348182 0.00792346 0.999969 -0.000330091 0.999997 -0.00228451 -0.000330091 -0.00792423 0.00228182 0.999966 -0.00792423 
1 0 0 1 0 1 0 0 0 0 1 0 
0.999982 0.00308932 -0.00513417 0.999982 -0.00310317 0.999992 -0.00269291 -0.00310317 0.00512581 0.0027088 0.999983 0.00512581 
0.999945 -0.00136272 0.0104231 0.999945 0.00137919 0.999998 -0.00157303 0.00137919 -0.0104209 0.00158732 0.999944 -0.0104209 
1 0 0 1 0 1 0 0 0 0 1 0 
0.999989 -0.000537997 0.00463309 0.999989 0.000544319 0.999999 -0.00136346 0.000544319 -0.00463235 0.00136597 0.999988 -0.00463235 
1 0.000135228 0.000871273 1 -0.000134501 1 -0.000834606 -0.000134501 -0.000871385 0.000834488 0.999999 -0.000871385 
0.999999 -2.03598e-05 -0.001028 0.999999 1.41216e-05 0.999982 -0.00606799 1.41216e-05 0.0010281 0.00606797 0.999981 0.0010281 
0.999968 0.000335422 -0.00798149 0.999968 -0.000349532 0.999998 -0.00176652 -0.000349532 0.00798089 0.00176925 0.999967 0.00798089 
0.999998 -0.00216194 0.000341372 0.999998 0.00216266 0.999995 -0.00214032 0.00216266 -0.000336743 0.00214105 0.999998 -0.000336743 
1 0 0 1 0 1 0 0 0 0 1 0 
1 0 0 1 0 1 0 0 0 0 1 0 
1 -6.27813e-06 -0.00021637 1 6.05813e-06 0.999999 -0.00101678 6.05813e-06 0.000216376 0.00101678 0.999999 0.000216376 
0.999998 -0.00133995 -0.00133418 0.999998 0.00133747 0.999997 -0.00185518 0.00133747 0.00133666 0.00185339 0.999997 0.00133666 
1 -0.000281734 0.00013686 1 0.000281962 0.999999 -0.0016681 0.000281962 -0.00013639 0.00166814 0.999999 -0.00013639 
0.999999 -0.000596311 -0.00104566 0.999999 0.000590886 0.999986 -0.00518077 0.000590886 0.00104873 0.00518015 0.999986 0.00104873 
1 0 0 1 0 1 0 0 0 0 1 0 
0.999995 -0.00193046 -0.00259921 0.999995 0.00192467 0.999996 -0.00223013 0.00192467 0.0026035 0.00222511 0.999994 0.0026035 
0.999992 -0.00377387 -0.00153236 0.999992 0.00377305 0.999993 -0.000534991 0.00377305 0.00153437 0.000529205 0.999999 0.00153437 
1 0 0 1 0 1 0 0 0 0 1 0 
0.999999 0.00109837 -0.000778823 0.999999 -0.00110047 0.999996 -0.00269878 -0.00110047 0.000775856 0.00269964 0.999996 0.000775856 
1 0 0 1 0 1 0 0 0 0 1 0 
0.999994 0.0019406 0.00283585 0.999994 -0.00193657 0.999997 -0.00142397 -0.00193657 -0.00283861 0.00141847 0.999995 -0.00283861 
1 0 0 1 0 1 0 0 0 0 1 0 
0.999999 -0.000870893 0.00112366 0.999999 0.000881617 0.999954 -0.00957858 0.000881617 -0.00111526 0.00957956 0.999953 -0.00111526 
0.999996 -0.00111481 0.00257844 0.999996 0.00111994 0.999997 -0.00198868 0.00111994 -0.00257622 0.00199156 0.999995 -0.00257622 
0.999995 0.00124918 0.00281919 0.999995 -0.00124933 0.999999 4.96961e-05 -0.00124933 -0.00281913 -5.3218e-05 0.999996 -0.00281913 
0.999995 0.000663856 0.00297624 0.999995 -0.000663131 1 -0.000244276 -0.000663131 -0.00297641 0.000242301 0.999996 -0.00297641 
0.999988 0.000341197 0.00491189 0.999988 -0.000353004 0.999997 0.00240305 -0.000353004 -0.00491105 -0.00240476 0.999985 -0.00491105 
1 0 0 1 0 1 0 0 0 0 1 0 
0.999957 0.00244159 0.00897503 0.999957 -0.00221808 0.999689 -0.0248293 -0.00221808 -0.00903287 0.0248083 0.999651 -0.00903287 
0.999991 0.000120494 0.00416481 0.999991 -0.000116314 0.999999 -0.00100388 -0.000116314 -0.00416493 0.00100339 0.999991 -0.00416493 
0.999998 0.00122403 0.00159881 0.999998 -0.00122671 0.999998 0.00167409 -0.00122671 -0.00159676 -0.00167605 0.999997 -0.00159676 
0.999994 0.000306055 0.00356465 0.999994 -0.000304465 1 -0.000446492 -0.000304465 -0.00356479 0.000445404 0.999994 -0.00356479 
0.999988 0.00252498 0.00431289 0.999988 -0.00252257 0.999997 -0.000565824 -0.00252257 -0.00431431 0.000554938 0.999991 -0.00431431 
0.999987 0.0011836 0.00490122 0.999987 -0.00117861 0.999999 -0.00102073 -0.00117861 -0.00490243 0.00101494 0.999987 -0.00490243 
0.999938 0.00213727 0.0109221 0.999938 -0.00216518 0.999994 0.00254446 -0.00216518 -0.0109166 -0.00256795 0.999937 -0.0109166 
0.999989 -0.000570094 -0.00456603 0.999989 0.000603193 0.999974 0.00725108 0.000603193 0.00456178 -0.00725376 0.999963 0.00456178 
0.999993 0.00180812 0.00315248 0.999993 -0.0017765 0.999948 -0.0100036 -0.0017765 -0.00317041 0.00999793 0.999945 -0.00317041 
0.9999 0.000347284 -0.0141325 0.9999 -0.000129893 0.999882 0.0153804 -0.000129893 0.0141361 -0.015377 0.999782 0.0141361 
0.999992 -0.000843496 0.00399373 0.999992 0.000845561 1 -0.000515432 0.000845561 -0.00399329 0.000518805 0.999992 -0.00399329 
1 0.000206674 0.000734774 1 -0.000204953 0.999997 -0.00234166 -0.000204953 -0.000735256 0.00234151 0.999997 -0.000735256 
1 0 0 1 0 1 0 0 0 0 1 0 
0.999999 0.000415873 -0.00160001 0.999999 -0.000414658 1 0.000759939 -0.000414658 0.00160033 -0.000759274 0.999998 0.00160033 
1 -0.000224693 1.35133e-05 1 0.000224717 0.999998 -0.00180272 0.000224717 -1.31082e-05 0.00180272 0.999998 -1.31082e-05 
0.999999 -0.000229962 -0.00111113 0.999999 0.000228151 0.999999 -0.00162967 0.000228151 0.0011115 0.00162941 0.999998 0.0011115 
0.999999 0.000225698 -0.00168567 0.999999 -0.000228301 0.999999 -0.00154424 -0.000228301 0.00168532 0.00154462 0.999997 0.00168532 
0.999998 -5.29916e-05 -0.00173867 0.999998 5.04335e-05 0.999999 -0.00147127 5.04335e-05 0.00173875 0.00147118 0.999997 0.00173875 
0.999988 -0.00155181 -0.00454283 0.999988 0.0015332 0.99999 -0.00409882 0.0015332 0.00454915 0.0040918 0.999981 0.00454915 
0.999992 -0.000116711 0.00394018 0.999992 0.000115194 1 0.000385272 0.000115194 -0.00394022 -0.000384815 0.999992 -0.00394022 
1 0 0 1 0 1 0 0 0 0 1 0 
0.999982 -0.00196351 -0.00566305 0.999982 0.00195774 0.999998 -0.00102502 0.00195774 0.00566505 0.00101391 0.999983 0.00566505 
0.999993 -0.00126039 -0.00353151 0.999993 0.00125272 0.999997 -0.00217408 0.00125272 0.00353424 0.00216964 0.999991 0.00353424 
0.999993 0.00249734 -0.00293791 0.999993 -0.00250148 0.999996 -0.00140509 -0.00250148 0.00293439 0.00141243 0.999995 0.00293439 
0.999988 -0.000119665 0.00496259 0.999988 0.000194372 0.999887 -0.0150562 0.000194372 -0.00496023 0.015057 0.999874 -0.00496023 
0.999999 -0.000986174 -0.000815936 0.999999 0.000989521 0.999991 0.00411302 0.000989521 0.000811873 -0.00411383 0.999991 0.000811873 
0.999992 -0.000156602 -0.00394229 0.999992 0.000152289 0.999999 -0.00109437 0.000152289 0.00394246 0.00109376 0.999992 0.00394246 
0.999988 -0.000608406 -0.00493971 0.999988 0.000572312 0.999973 -0.0073051 0.000572312 0.00494402 0.00730218 0.999961 0.00494402 
0.999981 0.00274616 -0.00546679 0.999981 -0.00290707 0.999556 -0.0296471 -0.00290707 0.00538295 0.0296625 0.999545 0.00538295 
0.999904 -0.00186643 -0.0136956 0.999904 0.00185416 0.999998 -0.000908974 0.00185416 0.0136973 0.000883493 0.999906 0.0136973 
0.999844 -0.00574114 -0.0167069 0.999844 0.00572331 0.999983 -0.00111504 0.00572331 0.0167131 0.00101924 0.99986 0.0167131 
0.999938 0.00373912 0.0105308 0.999938 -0.00376658 0.99999 0.0025893 -0.00376658 -0.010521 -0.0026288 0.999941 -0.010521 
0.999955 0.00118105 -0.00938776 0.999955 -0.00118303 0.999999 -0.000205997 -0.00118303 0.00938751 0.000217094 0.999956 0.00938751 
0.999538 -0.00197674 -0.0303425 0.999538 0.00196234 0.999998 -0.000504343 0.00196234 0.0303434 0.000444568 0.999539 0.0303434 
0.999997 -0.00190496 -0.00123439 0.999997 0.00190474 0.999998 -0.000182464 0.00190474 0.00123473 0.000180112 0.999999 0.00123473 
0.999921 -0.00847146 -0.0092415 0.999921 0.00847109 0.999964 -7.8999e-05 0.00847109 0.00924183 7.07238e-07 0.999957 0.00924183 
0.999992 -0.00136681 -0.00376622 0.999992 0.00136827 0.999999 0.000384057 0.00136827 0.00376569 -0.000389207 0.999993 0.00376569 
0.99999 -0.00173939 -0.00418011 0.99999 0.00173979 0.999998 9.16262e-05 0.00173979 0.00417995 -9.88978e-05 0.999991 0.00417995 
0.999992 -0.00379686 -0.00128773 0.999992 0.00379624 0.999993 -0.000484826 0.00379624 0.00128956 0.000479933 0.999999 0.00128956 
0.999991 -0.00334284 0.00271245 0.999991 0.0033413 0.999994 0.000571197 0.0033413 -0.00271435 -0.000562129 0.999996 -0.00271435 
0.999775 -0.00454316 -0.0206988 0.999775 0.00454473 0.99999 2.86627e-05 0.00454473 0.0206984 -0.000122726 0.999786 0.0206984 
0.999971 -0.00358927 0.00667369 0.999971 0.00361078 0.999988 -0.00321401 0.00361078 -0.00666208 0.00323802 0.999973 -0.00666208 
0.99751 0.00428213 -0.0704014 0.99751 -0.0051547 0.999912 -0.0122172 -0.0051547 0.0703429 0.0125496 0.997444 0.0703429 
0.999996 -0.00188313 0.00216484 0.999996 0.00188444 0.999998 -0.000605714 0.00188444 -0.00216369 0.000609791 0.999997 -0.00216369 
0.99989 9.84036e-05 -0.0148385 0.99989 -0.000158498 0.999992 -0.00404878 -0.000158498 0.014838 0.00405069 0.999882 0.014838 
0.999996 -0.00292291 0.000631329 0.999996 0.00292337 0.999995 -0.000735317 0.00292337 -0.000629177 0.000737159 1 -0.000629177 
0.999922 -0.00412861 0.0117545 0.999922 0.00404843 0.999968 0.0068362 0.00404843 -0.0117823 -0.00678808 0.999908 -0.0117823 
0.999875 -0.00867072 -0.0132247 0.999875 0.00870082 0.99996 0.00222019 0.00870082 0.0132049 -0.00233498 0.99991 0.0132049 
0.999999 -0.000820116 -0.0013103 0.999999 0.000820548 1 0.000329014 0.000820548 0.00131003 -0.000330089 0.999999 0.00131003 
0.999084 0.0069717 -0.0422176 0.999084 -0.00732512 0.999939 -0.00822252 -0.00732512 0.0421577 0.00852424 0.999075 0.0421577 
