0.999944 0.00372354 -0.0098743 0.999944 -0.00373778 0.999992 -0.00142401 -0.00373778 0.00986892 0.00146084 0.99995 0.00986892 
0.999977 0.00209762 -0.00645795 0.999977 -0.00209822 0.999998 -8.60093e-05 -0.00209822 0.00645775 9.95575e-05 0.999979 0.00645775 
0.999994 0.00263441 -0.00235595 0.999994 -0.00263126 0.999996 0.00133996 -0.00263126 0.00235947 -0.00133375 0.999996 0.00235947 
0.999998 0.00152639 0.0015956 0.999998 -0.00152863 0.999998 0.00140528 -0.00152863 -0.00159345 -0.00140771 0.999998 -0.00159345 
0.999963 0.00261199 0.00813931 0.999963 -0.00261995 0.999996 0.000967375 -0.00261995 -0.00813675 -0.000988665 0.999966 -0.00813675 
0.999917 0.00199478 0.0127035 0.999917 -0.00202259 0.999996 0.00217677 -0.00202259 -0.0126991 -0.00220228 0.999917 -0.0126991 
0.99985 -0.000804746 0.0172896 0.99985 0.000797613 1 0.000419465 0.000797613 -0.0172899 -0.000405612 0.99985 -0.0172899 
0.999814 -0.0045253 0.0187579 0.999814 0.00453125 0.99999 -0.000274748 0.00453125 -0.0187564 0.000359694 0.999824 -0.0187564 
0.999793 -0.00284833 0.020138 0.999793 0.00285373 0.999996 -0.000239093 0.00285373 -0.0201372 0.000296511 0.999797 -0.0201372 
0.999786 -0.000737111 0.0206651 0.999786 0.000714415 0.999999 0.00110563 0.000714415 -0.0206659 -0.00109063 0.999786 -0.0206659 
0.999792 0.000763804 0.0203815 0.999792 -0.000756908 1 -0.000346055 -0.000756908 -0.0203817 0.000330556 0.999792 -0.0203817 
0.999772 0.00149417 0.0212977 0.999772 -0.00147883 0.999999 -0.000736058 -0.00147883 -0.0212987 0.000704395 0.999773 -0.0212987 
0.999849 -0.00107968 0.0173339 0.999849 0.00109602 0.999999 -0.000933133 0.00109602 -0.0173329 0.000951991 0.999849 -0.0173329 
0.999854 -0.00129521 0.0170418 0.999854 0.00130254 0.999999 -0.000418815 0.00130254 -0.0170412 0.000440952 0.999855 -0.0170412 
0.999914 -0.00019626 0.0131411 0.999914 0.000201641 1 -0.000408182 0.000201641 -0.013141 0.000410797 0.999914 -0.013141 
0.999927 0.00182946 0.01198 0.999927 -0.00183572 0.999998 0.000511064 -0.00183572 -0.011979 -0.000533018 0.999928 -0.011979 
0.999945 0.00330868 0.00990541 0.999945 -0.00333144 0.999992 0.00228254 -0.00333144 -0.00989778 -0.00231542 0.999948 -0.00989778 
0.999968 -0.00142516 0.00781533 0.999968 0.00141084 0.999997 0.00183787 0.00141084 -0.00781793 -0.00182679 0.999968 -0.00781793 
0.999969 -0.000150347 0.0078737 0.999969 0.000138216 0.999999 0.0015412 0.000138216 -0.00787392 -0.00154007 0.999968 -0.00787392 
0.999967 6.03213e-05 0.00817088 0.999967 -8.25547e-05 0.999996 0.00272074 -8.25547e-05 -0.00817069 -0.00272133 0.999963 -0.00817069 
0.99996 0.00364951 0.00815755 0.99996 -0.00366289 0.999992 0.00162622 -0.00366289 -0.00815155 -0.00165604 0.999965 -0.00815155 
0.999949 0.006393 0.00780381 0.999949 -0.00640099 0.999979 0.000999225 -0.00640099 -0.00779726 -0.00104913 0.999969 -0.00779726 
0.999962 0.000190777 0.00876233 0.999962 -0.000207401 0.999998 0.00189636 -0.000207401 -0.00876195 -0.00189811 0.99996 -0.00876195 
0.999951 -0.00455807 0.00878136 0.999951 0.00452421 0.999982 0.00387175 0.00452421 -0.00879885 -0.00383183 0.999954 -0.00879885 
0.999952 -0.00365623 0.00912585 0.999952 0.00363039 0.999989 0.00284617 0.00363039 -0.00913616 -0.00281291 0.999954 -0.00913616 
0.999949 0.00215099 0.00987451 0.999949 -0.00217293 0.999995 0.00221201 -0.00217293 -0.00986971 -0.00223335 0.999949 -0.00986971 
0.999958 0.00261319 0.00875095 0.999958 -0.00262998 0.999995 0.00190816 -0.00262998 -0.00874592 -0.00193109 0.99996 -0.00874592 
0.99997 -0.000571478 0.00772658 0.99997 0.000555771 0.999998 0.00203483 0.000555771 -0.00772772 -0.00203048 0.999968 -0.00772772 
0.999937 -0.0021451 0.0109849 0.999937 0.00209669 0.999988 0.00441641 0.00209669 -0.0109942 -0.0043931 0.99993 -0.0109942 
0.999964 -0.000500501 0.00847941 0.999964 0.000456115 0.999986 0.00523569 0.000456115 -0.00848191 -0.00523163 0.99995 -0.00848191 
0.999982 -0.000829899 0.00593475 0.999982 0.000785494 0.999972 0.0074806 0.000785494 -0.00594079 -0.0074758 0.999954 -0.00594079 
0.999988 -0.00214148 0.00442179 0.999988 0.00210505 0.999964 0.00822853 0.00210505 -0.00443925 -0.00821913 0.999956 -0.00443925 
0.999984 -0.00348589 0.00451017 0.999984 0.00344514 0.999953 0.00901147 0.00344514 -0.00454137 -0.00899578 0.999949 -0.00454137 
0.999981 -0.0036677 0.00503592 0.999981 0.00362181 0.999952 0.00909048 0.00362181 -0.00506902 -0.00907207 0.999946 -0.00506902 
0.999989 -0.00237967 0.00411065 0.999989 0.00235137 0.999974 0.00687567 0.00235137 -0.00412691 -0.00686593 0.999968 -0.00412691 
0.999983 -0.00357343 0.00466402 0.999983 0.00354449 0.999975 0.00619948 0.00354449 -0.00468606 -0.00618284 0.99997 -0.00468606 
0.999984 -0.00318485 0.00474317 0.999984 0.00315743 0.999978 0.00577649 0.00315743 -0.00476146 -0.00576142 0.999972 -0.00476146 
0.999979 -0.00396781 0.00521222 0.999979 0.00393935 0.999977 0.00545927 0.00393935 -0.00523377 -0.00543862 0.999972 -0.00523377 
0.999958 -0.00635028 0.00665877 0.999958 0.00632286 0.999971 0.0041302 0.00632286 -0.00668481 -0.00408792 0.999969 -0.00668481 
0.999985 -0.00140252 0.00532983 0.999985 0.00139479 0.999998 0.00145305 0.00139479 -0.00533185 -0.00144559 0.999985 -0.00533185 
0.999979 0.000130544 0.00647798 0.999979 -0.000125124 1 -0.000836991 -0.000125124 -0.00647809 0.000836163 0.999979 -0.00647809 
0.999979 -0.000523341 0.00649357 0.999979 0.000531603 0.999999 -0.00127068 0.000531603 -0.0064929 0.0012741 0.999978 -0.0064929 
0.999974 0.00143404 0.00713225 0.999974 -0.00142129 0.999997 -0.00179248 -0.00142129 -0.00713481 0.00178229 0.999973 -0.00713481 
0.999963 -0.000824881 0.00859375 0.999963 0.000847808 0.999996 -0.00266454 0.000847808 -0.00859152 0.00267173 0.99996 -0.00859152 
0.999961 0.00054903 0.00876397 0.999961 -0.000497397 0.999983 -0.00589251 -0.000497397 -0.00876705 0.00588792 0.999944 -0.00876705 
0.999954 -0.00165384 0.00944016 0.999954 0.001699 0.999987 -0.00477734 0.001699 -0.00943214 0.00479316 0.999944 -0.00943214 
0.999957 -0.00218733 0.00899811 0.999957 0.00222335 0.99999 -0.00399595 0.00222335 -0.00898928 0.00401578 0.999952 -0.00898928 
0.999965 -6.89873e-05 0.00836295 0.999965 8.76919e-05 0.999997 -0.00223626 8.76919e-05 -0.00836277 0.00223692 0.999963 -0.00836277 
0.999951 4.03976e-05 0.00986485 0.999951 -3.79095e-05 1 -0.000252398 -3.79095e-05 -0.00986486 0.000252011 0.999951 -0.00986486 
0.999956 0.00189013 0.00916532 0.999956 -0.00187729 0.999997 -0.001409 -0.00187729 -0.00916796 0.00139174 0.999957 -0.00916796 
0.999954 -0.000548346 0.00955782 0.999954 0.000561092 0.999999 -0.00133093 0.000561092 -0.00955708 0.00133623 0.999953 -0.00955708 
0.999961 0.00173747 0.00867405 0.999961 -0.00172047 0.999997 -0.00196679 -0.00172047 -0.00867744 0.00195179 0.99996 -0.00867744 
0.999962 0.00124884 0.00857377 0.999962 -0.00121354 0.999991 -0.00412174 -0.00121354 -0.00857883 0.00411118 0.999955 -0.00857883 
0.99996 0.0016978 0.00881159 0.99996 -0.00164894 0.999983 -0.00555001 -0.00164894 -0.00882087 0.00553525 0.999946 -0.00882087 
0.999959 0.00390617 0.00822197 0.999959 -0.00387062 0.999983 -0.00433564 -0.00387062 -0.00823877 0.00430363 0.999957 -0.00823877 
0.999967 0.00163293 0.00793739 0.999967 -0.00162007 0.999997 -0.00162603 -0.00162007 -0.00794003 0.00161312 0.999967 -0.00794003 
0.999971 0.00243108 0.00717345 0.999971 -0.00242428 0.999997 -0.00095648 -0.00242428 -0.00717575 0.000939062 0.999974 -0.00717575 
0.999986 -0.00183302 0.00500178 0.999986 0.00184332 0.999996 -0.00205444 0.00184332 -0.00499799 0.00206363 0.999985 -0.00499799 
0.999982 0.00235407 0.00557126 0.999982 -0.00234604 0.999996 -0.00144822 -0.00234604 -0.00557464 0.00143512 0.999983 -0.00557464 
0.999983 0.000706895 0.00581671 0.999983 -0.000707926 1 0.000175232 -0.000707926 -0.00581658 -0.000179346 0.999983 -0.00581658 
0.999987 0.000604086 0.0049685 0.999987 -0.000608057 0.999999 0.000797742 -0.000608057 -0.00496801 -0.000800753 0.999987 -0.00496801 
0.999995 -0.000142328 0.00324155 0.999995 0.000140933 1 0.000430717 0.000140933 -0.00324161 -0.000430258 0.999995 -0.00324161 
0.999999 0.000625638 0.00101894 0.999999 -0.000624751 0.999999 -0.00087095 -0.000624751 -0.00101948 0.000870312 0.999999 -0.00101948 
0.999996 0.00192192 0.00194389 0.999996 -0.00191839 0.999997 -0.00181793 -0.00191839 -0.00194738 0.0018142 0.999996 -0.00194738 
0.999998 0.00197627 0.00088583 0.999998 -0.00197563 0.999998 -0.000722319 -0.00197563 -0.000887256 0.000720567 0.999999 -0.000887256 
0.999999 0.00164867 0.000246543 0.999999 -0.00164879 0.999999 0.000501088 -0.00164879 -0.000245716 -0.000501494 1 -0.000245716 
0.999989 0.00257453 0.00398958 0.999989 -0.00257946 0.999996 0.00123197 -0.00257946 -0.00398639 -0.00124225 0.999991 -0.00398639 
0.999994 0.000715519 0.00337746 0.999994 -0.00070911 0.999998 -0.00189847 -0.00070911 -0.00337882 0.00189607 0.999992 -0.00337882 
0.99999 0.000678432 0.00437186 0.99999 -0.000663534 0.999994 -0.00340846 -0.000663534 -0.00437415 0.00340552 0.999985 -0.00437415 
0.999978 0.00305086 0.00586194 0.999978 -0.0030267 0.999987 -0.00412605 -0.0030267 -0.00587445 0.00410822 0.999974 -0.00587445 
0.999961 0.00254781 0.0084472 0.999961 -0.00252944 0.999994 -0.00218501 -0.00252944 -0.00845272 0.00216356 0.999962 -0.00845272 
0.999944 0.00348381 0.0100256 0.999944 -0.00350489 0.999992 0.00208578 -0.00350489 -0.0100183 -0.00212081 0.999948 -0.0100183 
0.999939 0.00165547 0.0108848 0.999939 -0.0016922 0.999993 0.00336608 -0.0016922 -0.0108792 -0.0033843 0.999935 -0.0108792 
0.999948 0.000877672 0.0101422 0.999948 -0.000867338 0.999999 -0.00102319 -0.000867338 -0.0101431 0.00101434 0.999948 -0.0101431 
0.999937 -0.00116348 0.011195 0.999937 0.00121825 0.999987 -0.00488612 0.00121825 -0.0111892 0.00489945 0.999925 -0.0111892 
0.999963 -0.00252869 0.00827545 0.999963 0.00256709 0.999986 -0.00463316 0.00256709 -0.00826362 0.00465423 0.999955 -0.00826362 
0.999965 -0.00297594 0.00779755 0.999965 0.00295806 0.999993 0.00230316 0.00295806 -0.00780435 -0.00228001 0.999967 -0.00780435 
0.999981 0.000935179 0.00614557 0.999981 -0.000957588 0.999993 0.00364443 -0.000957588 -0.00614211 -0.00365024 0.999974 -0.00614211 
0.999976 -0.0037454 0.00587238 0.999976 0.00370142 0.999965 0.00748148 0.00370142 -0.0059002 -0.00745957 0.999955 -0.0059002 
0.999979 0.000942933 0.00635587 0.999979 -0.000952245 0.999998 0.00146228 -0.000952245 -0.00635448 -0.0014683 0.999979 -0.00635448 
0.999977 0.00307238 0.00599295 0.999977 -0.00304465 0.999985 -0.00463167 -0.00304465 -0.00600709 0.00461332 0.999971 -0.00600709 
0.999982 0.001103 0.00590429 0.999982 -0.00107374 0.999987 -0.0049555 -0.00107374 -0.00590968 0.00494907 0.99997 -0.00590968 
0.999991 -9.67947e-05 0.00419297 0.999991 0.000113177 0.999992 -0.00390698 0.000113177 -0.00419256 0.00390742 0.999984 -0.00419256 
0.999989 -0.00245642 0.00398887 0.999989 0.00245529 0.999997 0.000288714 0.00245529 -0.00398957 -0.000278917 0.999992 -0.00398957 
0.999985 0.000729002 0.0053795 0.999985 -0.000736969 0.999999 0.00147914 -0.000736969 -0.00537842 -0.00148308 0.999984 -0.00537842 
0.999974 0.000517732 0.0072362 0.999974 -0.000541941 0.999994 0.00334398 -0.000541941 -0.00723443 -0.00334781 0.999968 -0.00723443 
0.999967 0.00162581 0.00794684 0.999967 -0.00162992 0.999999 0.000511699 -0.00162992 -0.00794599 -0.000524634 0.999968 -0.00794599 
0.999973 9.64499e-05 0.00729999 0.999973 -9.12615e-05 1 -0.000711076 -9.12615e-05 -0.00730006 0.000710391 0.999973 -0.00730006 
0.999964 0.00018396 0.00846243 0.999964 -0.000181318 1 -0.000312918 -0.000181318 -0.00846249 0.000311372 0.999964 -0.00846249 
0.999954 0.00174384 0.00943577 0.999954 -0.00175614 0.999998 0.00129457 -0.00175614 -0.00943349 -0.00131108 0.999955 -0.00943349 
0.999966 0.000558842 0.00826306 0.999966 -0.000568081 0.999999 0.0011157 -0.000568081 -0.00826243 -0.00112035 0.999965 -0.00826243 
0.999958 0.00113875 0.00905923 0.999958 -0.0011494 0.999999 0.00117044 -0.0011494 -0.00905788 -0.0011808 0.999958 -0.00905788 
0.999965 0.00264538 0.00790424 0.999965 -0.00265017 0.999996 0.000595072 -0.00265017 -0.00790264 -0.000615999 0.999969 -0.00790264 
0.999952 0.00157263 0.00969087 0.999952 -0.00158685 0.999998 0.00145965 -0.00158685 -0.00968855 -0.00147496 0.999952 -0.00968855 
0.999974 -0.00105477 0.0071095 0.999974 0.00104843 0.999999 0.000895376 0.00104843 -0.00711043 -0.000887899 0.999974 -0.00711043 
0.999961 0.000665336 0.00882088 0.999961 -0.000647232 0.999998 -0.00205505 -0.000647232 -0.00882223 0.00204926 0.999959 -0.00882223 
0.999949 0.001999 0.0099367 0.999949 -0.00199589 0.999998 -0.000323723 -0.00199589 -0.00993733 0.000303874 0.999951 -0.00993733 
0.999958 0.00114669 0.0090786 0.999958 -0.00114194 0.999999 -0.000528029 -0.00114194 -0.0090792 0.00051764 0.999959 -0.0090792 
0.999908 0.000946041 0.0135333 0.999908 -0.000979063 0.999997 0.00243359 -0.000979063 -0.013531 -0.00244662 0.999905 -0.013531 
0.999943 0.000482768 0.0106591 0.999943 -0.000489324 1 0.000612486 -0.000489324 -0.0106588 -0.000617667 0.999943 -0.0106588 
0.999971 -0.00046808 0.00761196 0.999971 0.000474799 0.999999 -0.000880843 0.000474799 -0.00761154 0.000884432 0.999971 -0.00761154 
0.999979 -0.000272982 0.00654425 0.999979 0.000273197 1 -3.19394e-05 0.000273197 -0.00654424 3.37266e-05 0.999979 -0.00654424 
0.999978 8.84009e-05 0.00662908 0.999978 -9.62549e-05 0.999999 0.00118447 -9.62549e-05 -0.00662897 -0.00118508 0.999977 -0.00662897 
0.999972 0.00034055 0.00750284 0.999972 -0.000361201 0.999996 0.00275128 -0.000361201 -0.00750187 -0.00275391 0.999968 -0.00750187 
0.999979 0.000396751 0.0064351 0.999979 -0.00041368 0.999996 0.00262952 -0.00041368 -0.00643404 -0.00263213 0.999976 -0.00643404 
0.999976 -3.01522e-05 0.00696049 0.999976 2.57851e-05 1 0.000627505 2.57851e-05 -0.00696051 -0.000627311 0.999976 -0.00696051 
0.999965 -1.30359e-05 0.00841741 0.999965 1.73446e-05 1 -0.000511807 1.73446e-05 -0.0084174 0.000511935 0.999964 -0.0084174 
0.999983 0.00148924 0.00558951 0.999983 -0.00148335 0.999998 -0.00105889 -0.00148335 -0.00559108 0.00105059 0.999984 -0.00559108 
0.999972 0.00188034 0.00721495 0.999972 -0.00188356 0.999998 0.000439647 -0.00188356 -0.00721411 -0.000453225 0.999974 -0.00721411 
0.999972 0.00120422 0.00739423 0.999972 -0.0012057 0.999999 0.000194956 -0.0012057 -0.00739399 -0.000203865 0.999973 -0.00739399 
0.99998 -0.00138764 0.00609491 0.99998 0.00138393 0.999999 0.000612122 0.00138393 -0.00609575 -0.000603675 0.999981 -0.00609575 
0.999984 0.00104246 0.00552674 0.999984 -0.00104508 0.999999 0.000470725 -0.00104508 -0.00552625 -0.000476493 0.999985 -0.00552625 
0.999987 0.00236968 0.00445319 0.999987 -0.00237321 0.999997 0.000788249 -0.00237321 -0.00445131 -0.000798807 0.99999 -0.00445131 
0.999979 0.00322175 0.00568275 0.999979 -0.00324032 0.999989 0.00326089 -0.00324032 -0.00567219 -0.00327924 0.999979 -0.00567219 
0.99997 0.00418586 0.00652448 0.99997 -0.00420004 0.999989 0.00216179 -0.00420004 -0.00651536 -0.00218913 0.999976 -0.00651536 
0.99993 0.00668769 0.00972069 0.99993 -0.00668313 0.999978 -0.000501401 -0.00668313 -0.00972383 0.000436402 0.999953 -0.00972383 
0.999928 0.00581749 0.0105298 0.999928 -0.00582147 0.999983 0.000346866 -0.00582147 -0.0105276 -0.00040814 0.999944 -0.0105276 
0.999925 0.00246285 0.0119705 0.999925 -0.00244758 0.999996 -0.00129048 -0.00244758 -0.0119736 0.00126109 0.999928 -0.0119736 
0.999946 0.000867157 0.0103756 0.999946 -0.000837062 0.999995 -0.00290454 -0.000837062 -0.0103781 0.0028957 0.999942 -0.0103781 
0.999934 0.000884246 0.0114607 0.999934 -0.000875285 0.999999 -0.000786839 -0.000875285 -0.0114614 0.000776755 0.999934 -0.0114614 
0.999916 -0.00056392 0.0129627 0.999916 0.000541545 0.999998 0.00172957 0.000541545 -0.0129637 -0.0017224 0.999914 -0.0129637 
0.999917 0.00124056 0.0128265 0.999917 -0.00126132 0.999998 0.00161069 -0.00126132 -0.0128245 -0.00162673 0.999916 -0.0128245 
0.999929 0.00119216 0.0118506 0.999929 -0.0012101 0.999998 0.00150701 -0.0012101 -0.0118488 -0.00152124 0.999929 -0.0118488 
0.999902 0.00296963 0.0136889 0.999902 -0.00295313 0.999995 -0.00122491 -0.00295313 -0.0136925 0.00118436 0.999906 -0.0136925 
0.999925 0.00306776 0.0118181 0.999925 -0.00304808 0.999994 -0.00168233 -0.00304808 -0.0118232 0.00164618 0.999929 -0.0118232 
0.999932 0.00073654 0.0116628 0.999932 -0.000735907 1 -5.86387e-05 -0.000735907 -0.0116628 5.0052e-05 0.999932 -0.0116628 
0.999931 -0.000832186 0.0117045 0.999931 0.000818751 0.999999 0.00115257 0.000818751 -0.0117055 -0.0011429 0.999931 -0.0117055 
0.999885 -0.000506917 0.0151247 0.999885 0.000485128 0.999999 0.00144426 0.000485128 -0.0151254 -0.00143675 0.999885 -0.0151254 
0.999935 -0.00132542 0.0113557 0.999935 0.00130697 0.999998 0.00163227 0.00130697 -0.0113578 -0.00161732 0.999934 -0.0113578 
0.999935 0.000311381 0.0114137 0.999935 -0.000308618 1 -0.000243823 -0.000308618 -0.0114137 0.000240285 0.999935 -0.0114137 
0.999949 0.00182793 0.00991433 0.999949 -0.0018064 0.999996 -0.00217993 -0.0018064 -0.00991827 0.00216191 0.999948 -0.00991827 
0.999961 0.00213605 0.00855376 0.999961 -0.00211479 0.999995 -0.00249348 -0.00211479 -0.00855904 0.0024753 0.99996 -0.00855904 
0.99996 0.00131715 0.00880643 0.99996 -0.00131783 0.999999 7.05081e-05 -0.00131783 -0.00880633 -8.21106e-05 0.999961 -0.00880633 
0.999967 0.00292073 0.00757623 0.999967 -0.00293555 0.999994 0.00194536 -0.00293555 -0.0075705 -0.00196754 0.999969 -0.0075705 
0.999959 0.00361928 0.00830323 0.999959 -0.00365015 0.999986 0.00370553 -0.00365015 -0.0082897 -0.00373569 0.999959 -0.0082897 
0.999988 0.00370341 -0.00328197 0.999988 -0.00369704 0.999991 0.0019456 -0.00369704 0.00328914 -0.00193344 0.999993 0.00328914 
0.99994 0.00460064 0.00996568 0.99994 -0.00462857 0.999985 0.00278077 -0.00462857 -0.00995274 -0.00282673 0.999946 -0.00995274 
0.999979 0.00354424 0.00539689 0.999979 -0.00354052 0.999993 -0.000699251 -0.00354052 -0.00539934 0.000680128 0.999985 -0.00539934 
0.999983 0.00144136 0.00565897 0.999983 -0.00141596 0.999989 -0.00448906 -0.00141596 -0.00566538 0.00448097 0.999974 -0.00566538 
0.999979 0.00517624 0.00400627 0.999979 -0.00515913 0.999978 -0.00427069 -0.00515913 -0.00402829 0.00424993 0.999983 -0.00402829 
0.999993 0.000499949 0.00370334 0.999993 -0.000493672 0.999998 -0.00169573 -0.000493672 -0.00370418 0.00169389 0.999992 -0.00370418 
0.99999 0.00260495 0.00369314 0.99999 -0.00260273 0.999996 -0.000604919 -0.00260273 -0.0036947 0.000595301 0.999993 -0.0036947 
0.999991 0.00154395 0.00390169 0.999991 -0.0015355 0.999996 -0.00216923 -0.0015355 -0.00390502 0.00216322 0.99999 -0.00390502 
0.999998 -0.000156514 0.00198948 0.999998 0.00015965 0.999999 -0.00157611 0.00015965 -0.00198923 0.00157643 0.999997 -0.00198923 
0.999994 0.00186368 0.00274934 0.999994 -0.00186425 0.999998 0.000203575 -0.00186425 -0.00274896 -0.000208699 0.999996 -0.00274896 
0.999994 0.000910607 0.0032488 0.999994 -0.00090615 0.999999 -0.00137321 -0.00090615 -0.00325004 0.00137026 0.999994 -0.00325004 
0.999991 0.00312191 0.00300902 0.999991 -0.00311218 0.99999 -0.00323293 -0.00311218 -0.00301909 0.00322353 0.99999 -0.00301909 
0.999999 0.000112319 0.00129481 0.999999 -0.000109449 0.999998 -0.00221613 -0.000109449 -0.00129505 0.00221599 0.999997 -0.00129505 
0.999999 0.00151697 0.000612011 0.999999 -0.00151659 0.999999 -0.0006253 -0.00151659 -0.000612958 0.000624371 1 -0.000612958 
0.999989 0.000288701 -0.00470313 0.999989 -0.000288063 1 0.000136263 -0.000288063 0.00470316 -0.000134906 0.999989 0.00470316 
0.999989 8.17873e-05 -0.00458275 0.999989 -7.00685e-05 0.999997 0.00255725 -7.00685e-05 0.00458295 -0.0025569 0.999986 0.00458295 
1 9.01336e-05 -0.000372347 1 -8.90658e-05 0.999996 0.00286689 -8.90658e-05 0.000372604 -0.00286686 0.999996 0.000372604 
0.999999 0.000333516 0.00145269 0.999999 -0.000338938 0.999993 0.00373376 -0.000338938 -0.00145143 -0.00373425 0.999992 -0.00145143 
0.999986 -0.00263083 -0.00467093 0.999986 0.0026384 0.999995 0.00161436 0.0026384 0.00466666 -0.00162666 0.999988 0.00466666 
0.999994 -0.000155083 -0.00334504 0.999994 0.000166527 0.999994 0.00342139 0.000166527 0.00334449 -0.00342193 0.999989 0.00334449 
0.999953 0.00216257 -0.0094485 0.999953 -0.00214212 0.999995 0.00217395 -0.00214212 0.00945315 -0.00215361 0.999953 0.00945315 
0.99998 -0.00196765 -0.0060405 0.99998 0.00196272 0.999998 -0.000821944 0.00196272 0.00604211 0.000810072 0.999981 0.00604211 
0.999975 -0.000580199 -0.00704362 0.999975 0.000589384 0.999999 0.00130198 0.000589384 0.00704286 -0.0013061 0.999974 0.00704286 
0.999965 -0.00202452 -0.00806443 0.999965 0.00202521 0.999998 7.78627e-05 0.00202521 0.00806426 -9.41922e-05 0.999967 0.00806426 
0.999952 0.000185899 -0.00975625 0.999952 -0.000176083 0.999999 0.00100701 -0.000176083 0.00975644 -0.00100524 0.999952 0.00975644 
0.999926 -0.00196313 -0.011969 0.999926 0.00198366 0.999997 0.00170343 0.00198366 0.0119656 -0.00172705 0.999927 0.0119656 
0.999938 -0.00394977 -0.0104538 0.999938 0.00398214 0.999987 0.00307764 0.00398214 0.0104415 -0.00311908 0.999941 0.0104415 
0.999923 -0.00263814 -0.0121064 0.999923 0.00266575 0.999994 0.00226477 0.00266575 0.0121003 -0.00229687 0.999924 0.0121003 
0.999888 -0.00311928 -0.0146069 0.999888 0.00311832 0.999995 -8.89219e-05 0.00311832 0.0146071 4.3363e-05 0.999893 0.0146071 
0.999725 -0.00262055 -0.0233168 0.999725 0.00261241 0.999997 -0.000379359 0.00261241 0.0233177 0.000318342 0.999728 0.0233177 
0.999849 -0.00180275 -0.0172893 0.999849 0.00175962 0.999995 -0.00250963 0.00175962 0.0172938 0.00247882 0.999847 0.0172938 
0.999917 -0.000520629 -0.0129108 0.999917 0.00051651 1 -0.000322436 0.00051651 0.0129109 0.00031574 0.999917 0.0129109 
0.99989 -0.00139031 -0.0147761 0.99989 0.00139469 0.999999 0.000285724 0.00139469 0.0147757 -0.000306301 0.999891 0.0147757 
0.999903 3.08905e-05 -0.0139163 0.999903 -1.24398e-05 0.999999 0.00132592 -1.24398e-05 0.0139163 -0.00132562 0.999902 0.0139163 
0.999904 0.00141571 -0.0137929 0.999904 -0.00139971 0.999998 0.00116959 -0.00139971 0.0137946 -0.00115017 0.999904 0.0137946 
0.999914 0.000294193 -0.013085 0.999914 -0.000291785 1 0.000185871 -0.000291785 0.013085 -0.000182037 0.999914 0.013085 
0.999903 -0.00132188 -0.013883 0.999903 0.00130164 0.999998 -0.00146678 0.00130164 0.013885 0.00144857 0.999903 0.013885 
0.999911 -0.000188806 -0.0133196 0.999911 0.000142054 0.999994 -0.00351091 0.000142054 0.0133202 0.00350871 0.999905 0.0133202 
0.999874 -0.00205884 -0.0157305 0.999874 0.00203509 0.999997 -0.00152578 0.00203509 0.0157336 0.00149357 0.999875 0.0157336 
0.999938 -0.00293432 -0.0107867 0.999938 0.0029458 0.999995 0.0010485 0.0029458 0.0107836 -0.00108021 0.999941 0.0107836 
0.999867 -0.00210861 -0.016163 0.999867 0.00213684 0.999996 0.00172921 0.00213684 0.0161593 -0.00176352 0.999868 0.0161593 
0.999879 -0.00170291 -0.0154674 0.999879 0.00168228 0.999998 -0.00134679 0.00168228 0.0154697 0.0013206 0.999879 0.0154697 
0.999922 -0.000946957 -0.0124253 0.999922 0.000922734 0.999998 -0.00195506 0.000922734 0.0124271 0.00194344 0.999921 0.0124271 
0.999896 -0.000769509 -0.0144039 0.999896 0.000734549 0.999997 -0.0024323 0.000734549 0.0144058 0.00242146 0.999893 0.0144058 
0.999942 -0.000120008 -0.0107247 0.999942 0.000112881 1 -0.000665112 0.000112881 0.0107247 0.000663863 0.999942 0.0107247 
0.999938 -0.000862444 -0.0110609 0.999938 0.000873953 0.999999 0.00103575 0.000873953 0.01106 -0.00104535 0.999938 0.01106 
0.999945 -0.000940896 -0.0104855 0.999945 0.000936865 0.999999 -0.000389373 0.000936865 0.0104858 0.000379527 0.999945 0.0104858 
0.999952 -0.000867018 -0.00975367 0.999952 0.00084328 0.999997 -0.00243764 0.00084328 0.00975575 0.0024293 0.999949 0.00975575 
0.999956 -0.000554613 -0.00936614 0.999956 0.000535595 0.999998 -0.00203291 0.000535595 0.00936725 0.0020278 0.999954 0.00936725 
0.99994 -0.000875661 -0.0109223 0.99994 0.000867188 0.999999 -0.000780425 0.000867188 0.010923 0.000770906 0.99994 0.010923 
0.999937 -0.00167661 -0.0111289 0.999937 0.001674 0.999999 -0.000243304 0.001674 0.0111293 0.000224658 0.999938 0.0111293 
0.99993 -0.00291827 -0.0114604 0.99993 0.00290358 0.999995 -0.00129796 0.00290358 0.0114641 0.00126459 0.999933 0.0114641 
0.999924 -0.00116832 -0.0122846 0.999924 0.0011358 0.999996 -0.00265433 0.0011358 0.0122876 0.00264018 0.999921 0.0122876 
0.9999 -0.00257078 -0.0139293 0.9999 0.00252303 0.999991 -0.00344394 0.00252303 0.0139381 0.00340845 0.999897 0.0139381 
0.999876 -0.00192215 -0.0156389 0.999876 0.00190955 0.999998 -0.000820658 0.00190955 0.0156405 0.000790693 0.999877 0.0156405 
0.999899 -0.00237551 -0.0140253 0.999899 0.00238344 0.999997 0.000548836 0.00238344 0.0140239 -0.000582209 0.999901 0.0140239 
0.999871 -0.000158796 -0.0160889 0.999871 0.00019781 0.999997 0.00242332 0.00019781 0.0160885 -0.00242619 0.999868 0.0160885 
0.999861 -0.00117509 -0.0166344 0.999861 0.00116869 0.999999 -0.000394105 0.00116869 0.0166348 0.000374609 0.999862 0.0166348 
0.999845 -0.000991813 -0.017559 0.999845 0.000963096 0.999998 -0.00164384 0.000963096 0.0175606 0.00162667 0.999844 0.0175606 
0.999852 -0.000636038 -0.0171727 0.999852 0.000589921 0.999996 -0.00269038 0.000589921 0.0171744 0.00267985 0.999849 0.0171744 
0.999864 -0.000160958 -0.0164818 0.999864 0.000122367 0.999997 -0.00234245 0.000122367 0.0164821 0.00234012 0.999861 0.0164821 
0.999879 0.000119362 -0.0155521 0.999879 -0.00016219 0.999996 -0.00275262 -0.00016219 0.0155517 0.00275481 0.999875 0.0155517 
0.9999 0.000636526 -0.0141392 0.9999 -0.000662536 0.999998 -0.001835 -0.000662536 0.014138 0.00184419 0.999898 0.014138 
0.999915 0.00141629 -0.0129989 0.999915 -0.00143496 0.999998 -0.00142661 -0.00143496 0.0129968 0.00144514 0.999914 0.0129968 
0.999927 7.01295e-05 -0.0121119 0.999927 -7.30783e-05 1 -0.000243014 -7.30783e-05 0.0121119 0.000243881 0.999927 0.0121119 
0.99991 -0.00172585 -0.0133399 0.99991 0.00172167 0.999998 -0.000324936 0.00172167 0.0133405 0.00030194 0.999911 0.0133405 
0.999924 -0.00186443 -0.0121723 0.999924 0.00185155 0.999998 -0.00106905 0.00185155 0.0121742 0.00104643 0.999925 0.0121742 
0.999924 -0.000924453 -0.0122802 0.999924 0.000918122 0.999999 -0.000521168 0.000918122 0.0122806 0.000509854 0.999924 0.0122806 
0.999916 0.000484537 -0.0129825 0.999916 -0.000482689 1 0.000145466 -0.000482689 0.0129826 -0.000139187 0.999916 0.0129826 
0.999935 0.00101985 -0.0113325 0.999935 -0.0010027 0.999998 0.00151885 -0.0010027 0.011334 -0.00150739 0.999935 0.011334 
0.999944 3.60147e-05 -0.0105523 0.999944 -2.84173e-05 1 0.00072012 -2.84173e-05 0.0105523 -0.00071978 0.999944 0.0105523 
0.999954 -0.000570598 -0.00959697 0.999954 0.00056158 0.999999 -0.000942256 0.00056158 0.00959751 0.000936823 0.999954 0.00959751 
0.999975 -0.000889989 -0.00698752 0.999975 0.000865657 0.999994 -0.00348458 0.000865657 0.00699057 0.00347844 0.99997 0.00699057 
0.999974 -0.00272765 -0.0067137 0.999974 0.00269877 0.999987 -0.00430687 0.00269877 0.00672536 0.00428863 0.999968 0.00672536 
0.999969 -0.00232614 -0.00754929 0.999969 0.00230472 0.999993 -0.00284483 0.00230472 0.00755585 0.00282735 0.999967 0.00755585 
0.999982 -0.00187603 -0.00566084 0.999982 0.00186333 0.999996 -0.00224725 0.00186333 0.00566503 0.00223666 0.999981 0.00566503 
0.999976 -0.000913465 -0.00680325 0.999976 0.000898043 0.999997 -0.00226948 0.000898043 0.0068053 0.00226332 0.999974 0.0068053 
0.999969 0.000125081 -0.00790074 0.999969 -0.000145659 0.999997 -0.00260408 -0.000145659 0.00790039 0.00260515 0.999965 0.00790039 
0.99997 0.00128873 -0.00762576 0.99997 -0.00130317 0.999997 -0.00188972 -0.00130317 0.0076233 0.0018996 0.999969 0.0076233 
0.99997 0.00165078 -0.00752717 0.99997 -0.00165523 0.999998 -0.000584935 -0.00165523 0.00752619 0.000597377 0.999971 0.00752619 
0.999972 0.000252701 -0.00743207 0.999972 -0.000256229 1 -0.000473833 -0.000256229 0.00743195 0.000475724 0.999972 0.00743195 
0.999959 0.00270964 -0.00868951 0.999959 -0.00270323 0.999996 0.000749599 -0.00270323 0.00869151 -0.000726078 0.999962 0.00869151 
0.999953 -0.000346415 -0.00968887 0.999953 0.000352769 1 0.000654094 0.000352769 0.00968864 -0.000657481 0.999953 0.00968864 
0.999939 3.15964e-05 -0.0110642 0.999939 -1.06008e-05 0.999998 0.00189767 -1.06008e-05 0.0110642 -0.00189744 0.999937 0.0110642 
0.999895 -0.00235324 -0.014311 0.999895 0.00236444 0.999997 0.000765314 0.00236444 0.0143091 -0.000799071 0.999897 0.0143091 
0.999846 -0.00338822 -0.0171956 0.999846 0.00336982 0.999994 -0.00109923 0.00336982 0.0171992 0.00104111 0.999852 0.0171992 
0.999814 -0.00315664 -0.0190116 0.999814 0.00309391 0.99999 -0.00332811 0.00309391 0.0190219 0.00326867 0.999814 0.0190219 
0.999796 -0.00237006 -0.0200742 0.999796 0.00233845 0.999996 -0.00159798 0.00233845 0.0200779 0.00155071 0.999797 0.0200779 
0.999746 -0.000945108 -0.0225042 0.999746 0.000924315 0.999999 -0.000934358 0.000924315 0.022505 0.00091332 0.999746 0.022505 
0.999758 -0.000770364 -0.0220046 0.999758 0.000734664 0.999998 -0.00163046 0.000734664 0.0220058 0.0016139 0.999757 0.0220058 
0.999768 -0.000334929 -0.0215163 0.999768 0.000266825 0.999995 -0.00316799 0.000266825 0.0215172 0.00316151 0.999763 0.0215172 
0.999745 -0.00140972 -0.0225307 0.999745 0.00132703 0.999992 -0.00368479 0.00132703 0.0225357 0.00365395 0.999739 0.0225357 
0.999748 -0.00135094 -0.0223882 0.999748 0.0012477 0.999989 -0.00462459 0.0012477 0.0223941 0.00459549 0.999739 0.0223941 
0.999742 -0.000754795 -0.0226819 0.999742 0.000679031 0.999994 -0.0033478 0.000679031 0.0226843 0.00333154 0.999737 0.0226843 
0.999767 -0.000358138 -0.021601 0.999767 0.00034496 1 -0.000613771 0.00034496 0.0216013 0.000606176 0.999766 0.0216013 
0.99974 0.000825631 -0.02279 0.99974 -0.000783748 0.999998 0.00184665 -0.000783748 0.0227915 -0.00182831 0.999739 0.0227915 
0.999777 -0.000226286 -0.021101 0.999777 0.000240678 1 0.000679549 0.000240678 0.0211009 -0.000684476 0.999777 0.0211009 
0.999797 0.00150915 -0.0201039 0.999797 -0.0015513 0.999997 -0.00208098 -0.0015513 0.0201007 0.00211175 0.999796 0.0201007 
0.999785 4.16901e-05 -0.0207559 0.999785 -8.40569e-05 0.999998 -0.00204032 -8.40569e-05 0.0207558 0.00204163 0.999782 0.0207558 
0.999793 -0.000394724 -0.0203261 0.999793 0.00037086 0.999999 -0.00117782 0.00037086 0.0203265 0.00117004 0.999793 0.0203265 
0.999704 -0.00139886 -0.0242878 0.999704 0.00137882 0.999999 -0.000841957 0.00137882 0.0242889 0.00080822 0.999705 0.0242889 
0.999811 -0.000361532 -0.0194274 0.999811 0.00033466 0.999999 -0.00138646 0.00033466 0.0194279 0.0013797 0.99981 0.0194279 
0.999776 -0.00263353 -0.0209842 0.999776 0.00263186 0.999997 -0.00010751 0.00263186 0.0209844 5.22582e-05 0.99978 0.0209844 
0.999844 -0.0011182 -0.0176121 0.999844 0.00111603 0.999999 -0.000133009 0.00111603 0.0176123 0.000113333 0.999845 0.0176123 
0.999794 -0.000548499 -0.0203138 0.999794 0.000592094 0.999998 0.00214012 0.000592094 0.0203126 -0.00215171 0.999791 0.0203126 
0.999735 -0.00138528 -0.0229932 0.999735 0.00142074 0.999998 0.00152581 0.00142074 0.022991 -0.00155807 0.999734 0.022991 
0.999817 -0.000238533 -0.0191208 0.999817 0.000263605 0.999999 0.00130875 0.000263605 0.0191205 -0.00131355 0.999816 0.0191205 
0.999816 0.000192924 -0.0191769 0.999816 -0.000142093 0.999996 0.00265195 -0.000142093 0.0191774 -0.00264874 0.999813 0.0191774 
0.999824 -0.000472528 -0.0187544 0.999824 0.000560277 0.999989 0.00467387 0.000560277 0.018752 -0.00468355 0.999813 0.018752 
0.999821 -0.000435988 -0.0188921 0.999821 0.000561331 0.999978 0.00662986 0.000561331 0.0188888 -0.00663928 0.9998 0.0188888 
0.999834 -0.00195169 -0.0181144 0.999834 0.00202716 0.999989 0.00414932 0.00202716 0.0181061 -0.00418535 0.999827 0.0181061 
0.999838 -0.00122746 -0.0179634 0.999838 0.00130125 0.999991 0.00409674 0.00130125 0.0179582 -0.00411945 0.99983 0.0179582 
0.999819 -0.00143894 -0.0189719 0.999819 0.00148708 0.999996 0.00252385 0.00148708 0.0189682 -0.00255161 0.999817 0.0189682 
0.999852 0.000506599 -0.0172212 0.999852 -0.00051629 1 -0.000558323 -0.00051629 0.0172209 0.000567131 0.999852 0.0172209 
0.999836 0.000573169 -0.0181255 0.999836 -0.000571245 1 0.00011136 -0.000571245 0.0181255 -0.000100988 0.999836 0.0181255 
0.999847 0.00114027 -0.0174415 0.999847 -0.00106157 0.999989 0.00452077 -0.00106157 0.0174465 -0.00450156 0.999838 0.0174465 
0.999863 -0.00172241 -0.0164538 0.999863 0.00181547 0.999982 0.00564258 0.00181547 0.0164438 -0.00567168 0.999849 0.0164438 
0.999843 -0.0024953 -0.0175466 0.999843 0.00248683 0.999997 -0.000504241 0.00248683 0.0175478 0.000460526 0.999846 0.0175478 
0.999856 -0.00281196 -0.0167194 0.999856 0.00280077 0.999996 -0.000692437 0.00280077 0.0167213 0.00064551 0.99986 0.0167213 
0.999767 -0.0013859 -0.0215411 0.999767 0.00142151 0.999998 0.0016381 0.00142151 0.0215388 -0.00166833 0.999767 0.0215388 
0.999955 0.00777099 -0.00542003 0.999955 -0.00773423 0.999947 0.00676936 -0.00773423 0.00547235 -0.00672713 0.999962 0.00547235 
0.999962 0.00219378 -0.00839007 0.999962 -0.00217574 0.999995 0.00215909 -0.00217574 0.00839477 -0.00214076 0.999962 0.00839477 
0.999791 0.00169999 -0.0203971 0.999791 -0.00161658 0.99999 0.00410525 -0.00161658 0.0204039 -0.00407141 0.999784 0.0204039 
0.99983 -0.001847 -0.0183569 0.99983 0.00196325 0.999978 0.00631686 0.00196325 0.0183449 -0.00635182 0.999812 0.0183449 
0.999709 -0.00343281 -0.02387 0.999709 0.00350656 0.999989 0.00304848 0.00350656 0.0238592 -0.00313129 0.99971 0.0238592 
0.999661 -0.00281312 -0.0258932 0.999661 0.00282916 0.999996 0.000583202 0.00282916 0.0258915 -0.00065626 0.999665 0.0258915 
0.999543 -0.004756 -0.0298435 0.999543 0.00481024 0.999987 0.00174595 0.00481024 0.0298348 -0.00188871 0.999553 0.0298348 
0.999504 -0.00386609 -0.0312596 0.999504 0.00389849 0.999992 0.000975602 0.00389849 0.0312556 -0.00109698 0.999511 0.0312556 
0.999638 -0.00273894 -0.0267749 0.999638 0.00279569 0.999994 0.00208221 0.00279569 0.0267691 -0.00215631 0.999639 0.0267691 
0.999655 -0.000153776 -0.0262786 0.999655 0.000188651 0.999999 0.00132465 0.000188651 0.0262784 -0.00132915 0.999654 0.0262784 
0.999796 -0.00602325 -0.0192531 0.999796 0.00603521 0.999982 0.000562952 0.00603521 0.0192494 -0.000679034 0.999814 0.0192494 
0.999551 -0.000183068 -0.0299594 0.999551 0.000290663 0.999994 0.00358705 0.000290663 0.0299586 -0.00359414 0.999545 0.0299586 
0.999437 -0.000449768 -0.0335424 0.999437 0.000626915 0.999986 0.00527095 0.000626915 0.0335396 -0.00528901 0.999423 0.0335396 
0.999686 0.0013877 -0.0250005 0.999686 -0.00134827 0.999998 0.00159374 -0.00134827 0.0250027 -0.00155953 0.999686 0.0250027 
0.999865 -0.00211149 -0.0162779 0.999865 0.0022093 0.99998 0.00599297 0.0022093 0.0162649 -0.00602812 0.99985 0.0162649 
0.999747 0.000594801 -0.0224694 0.999747 -0.0005787 1 0.00072305 -0.0005787 0.0224699 -0.000709864 0.999747 0.0224699 
0.998951 -0.0111829 -0.044404 0.998951 0.0115751 0.999896 0.00858536 0.0115751 0.0443034 -0.00909033 0.998977 0.0443034 
0.999766 0.000624066 -0.0216286 0.999766 -0.000585347 0.999998 0.00179646 -0.000585347 0.0216297 -0.00178338 0.999764 0.0216297 
0.980299 0.00482519 -0.197461 0.980299 -0.0121086 0.999289 -0.0356946 -0.0121086 0.197148 0.0373824 0.979661 0.197148 
0.999204 -0.00395446 -0.0396935 0.999204 0.00438806 0.999932 0.0108425 0.00438806 0.0396479 -0.0110081 0.999153 0.0396479 
0.999997 -0.000756005 0.00249061 0.999997 0.000769224 0.999986 -0.00531066 0.000769224 -0.00248656 0.00531256 0.999983 -0.00248656 
0.999937 -0.00204743 -0.0110262 0.999937 0.00206469 0.999997 0.00155452 0.00206469 0.011023 -0.00157718 0.999938 0.011023 
0.999484 -0.00311516 -0.0319585 0.999484 0.00316541 0.999994 0.00152189 0.00316541 0.0319535 -0.00162227 0.999488 0.0319535 
0.999957 -0.000577076 -0.00929789 0.999957 0.000575349 1 -0.000188381 0.000575349 0.009298 0.000183024 0.999957 0.009298 
0.999978 -0.00659004 0.000741011 0.999978 0.00659285 0.999971 -0.0038445 0.00659285 -0.000715654 0.0038493 0.999992 -0.000715654 
0.998033 -0.00505963 -0.0624793 0.998033 0.00533672 0.999977 0.00426877 0.00533672 0.0624563 -0.00459381 0.998037 0.0624563 
1 -0.000959858 0.000125528 1 0.000959625 0.999998 0.00184451 0.000959625 -0.000127298 -0.00184438 0.999998 -0.000127298 
0.989244 -0.00506457 -0.146186 0.989244 0.00909592 0.999596 0.0269217 0.00909592 0.145991 -0.0279618 0.988891 0.145991 
0.989066 0.00154223 -0.147466 0.989066 0.00568863 0.998802 0.0485997 0.00568863 0.147364 -0.0489072 0.987872 0.147364 
0.999575 0.00286877 -0.0290069 0.999575 -0.00294316 0.999992 -0.0025222 -0.00294316 0.0289995 0.0026065 0.999576 0.0289995 
0.999638 -0.0043345 -0.0265409 0.999638 0.00423887 0.999984 -0.00365842 0.00423887 0.0265563 0.00354459 0.999641 0.0265563 
0.99973 -0.00318397 -0.0230059 0.99973 0.00310807 0.99999 -0.00333415 0.00310807 0.0230162 0.00326174 0.99973 0.0230162 
0.999936 0.00216583 -0.0111178 0.999936 -0.00217467 0.999997 -0.000783561 -0.00217467 0.0111161 0.000807689 0.999938 0.0111161 
0.999841 -0.00178525 -0.017745 0.999841 0.00185058 0.999992 0.00366573 0.00185058 0.0177383 -0.00369799 0.999836 0.0177383 
0.999748 -0.000318898 -0.022425 0.999748 0.000297813 1 -0.000943595 0.000297813 0.0224253 0.000936679 0.999748 0.0224253 
0.999766 0.000886622 -0.0216185 0.999766 -0.000869038 0.999999 0.000822752 -0.000869038 0.0216192 -0.000803772 0.999766 0.0216192 
0.999854 0.00248955 -0.016907 0.999854 -0.00245266 0.999995 0.0022023 -0.00245266 0.0169124 -0.00216051 0.999855 0.0169124 
0.999772 -0.00127495 -0.0212947 0.999772 0.00121828 0.999996 -0.0026739 0.00121828 0.021298 0.00264735 0.99977 0.021298 
0.998777 0.00361212 -0.049303 0.998777 -0.00403479 0.999956 -0.00847607 -0.00403479 0.0492702 0.00866464 0.998748 0.0492702 
0.999674 -0.00494675 -0.0250544 0.999674 0.0050606 0.999977 0.00448287 0.0050606 0.0250316 -0.00460819 0.999676 0.0250316 
0.99834 0.00089992 -0.0575819 0.99834 3.78314e-05 0.999867 0.0162824 3.78314e-05 0.057589 -0.0162575 0.998208 0.057589 
0.999801 -0.00450625 -0.0194556 0.999801 0.0046439 0.999964 0.0070357 0.0046439 0.0194232 -0.00712465 0.999786 0.0194232 
0.999827 -0.00469695 -0.0180159 0.999827 0.00473054 0.999987 0.00182246 0.00473054 0.0180071 -0.00190737 0.999836 0.0180071 
0.9976 -0.00907359 0.0686422 0.9976 0.00914456 0.999958 -0.000719637 0.00914456 -0.0686328 0.00134561 0.997641 -0.0686328 
0.999819 -0.00535909 -0.0182541 0.999819 0.0053242 0.999984 -0.0019597 0.0053242 0.0182643 0.00186216 0.999831 0.0182643 
0.999866 -0.00143798 -0.0163268 0.999866 0.00143949 0.999999 8.11553e-05 0.00143949 0.0163267 -0.000104647 0.999867 0.0163267 
0.999813 -0.00300944 -0.019093 0.999813 0.00297522 0.999994 -0.00182028 0.00297522 0.0190984 0.00176314 0.999816 0.0190984 
0.99777 0.000346159 -0.066749 0.99777 0.00194051 0.999413 0.0341899 0.00194051 0.0667217 -0.0342431 0.997184 0.0667217 
0.999455 -0.00736213 -0.0321803 0.999455 0.00739799 0.999972 0.000995363 0.00739799 0.0321721 -0.00123289 0.999482 0.0321721 
0.999826 -0.00474272 -0.0180538 0.999826 0.00478115 0.999986 0.00208612 0.00478115 0.0180437 -0.00217207 0.999835 0.0180437 
0.999804 -0.00288096 -0.0195984 0.999804 0.00292141 0.999994 0.0020356 0.00292141 0.0195924 -0.00209246 0.999806 0.0195924 
0.999847 -0.00578096 -0.0165333 0.999847 0.00575679 0.999982 -0.00150872 0.00575679 0.0165417 0.00141331 0.999862 0.0165417 
0.999866 0.00145974 -0.0162888 0.999866 -0.00153062 0.999989 -0.00433957 -0.00153062 0.0162823 0.00436392 0.999858 0.0162823 
0.999902 -0.00127154 -0.0139607 0.999902 0.00121087 0.99999 -0.0043532 0.00121087 0.0139661 0.00433587 0.999893 0.0139661 
0.999677 0.00244352 -0.0253086 0.999677 -0.00259445 0.999979 -0.00593254 -0.00259445 0.0252936 0.00599628 0.999662 0.0252936 
0.996781 -0.00571343 0.0799745 0.996781 0.00523713 0.999967 0.0061641 0.00523713 -0.0800071 -0.00572542 0.996778 -0.0800071 
0.999951 -0.000470831 -0.00987232 0.999951 0.000492777 0.999997 0.00222067 0.000492777 0.00987125 -0.00222543 0.999949 0.00987125 
0.999968 -0.00398569 -0.00693281 0.999968 0.00399967 0.99999 0.00200352 0.00399967 0.00692475 -0.00203118 0.999974 0.00692475 
0.999984 -0.0008038 -0.00562913 0.999984 0.000826795 0.999991 0.0040839 0.000826795 0.0056258 -0.00408849 0.999976 0.0056258 
