# Structure from Motion
#### *EcEn 631 - Assignment 6 - Luke Newmeyer*

## Task 1 - Unkown Intrinsic and Extrinsic Parameters

Below are the undistorted images and results from point matching of the given image sequences.

### Parallel Cube

![Parallel Cube Last](../output/parallel_cube_last.jpg)

![Parallel Cube First](../output/parallel_cube_first.jpg)

	M =
		[1145, 0, 320;
		 0, 1145, 240;
		 0, 0, 1]
	H1 =
		[0.6117797574833133, 0.01936233632285972, 202.018736956456;
		 -0.003693856910106765, 0.6086094422316123, -0.0209083237248856;
		 -1.132446114591372e-06, 4.121527116977128e-08, 0.6088968686954657]
	H2 =
		[0.9999874278647798, 0.005014390529453003, -1.19943064379828;
		 -0.005014390529453003, 0.9999874278647798, 1.607622281877809;
		 0, 0, 1]
	R1 =
		[0.6121421402399825, 0.01934914743608539, 0.1813982700745519;
		 -0.003422069842604836, 0.6085995505665316, -0.001036966833452068;
		 -0.001296650801207121, 4.719148548938812e-05, 0.6085443776038771]
	R2 =
		[0.9999874278647797, 0.005014390529453003, 0;
		 -0.005014390529453003, 0.9999874278647797, 0;
		 0, 0, 1]

### Parallel Real

![Parallel Real Last](../output/parallel_real_last.jpg)

![Parallel Real First](../output/parallel_real_first.jpg)

	M =
		[1145, 0, 320;
		 0, 1145, 240;
		 0, 0, 1]
	H1 =
		[3.370053613707287, 0.4707833288661405, 714.9491060583586;
		 -0.00508574232151078, 4.092456184651264, 0.9724187676797036;
		 -3.379876196345115e-05, -5.67320290651842e-06, 4.099683144890465]
	H2 =
		[0.9967982335593114, -0.0008885694653206182, 1.237821932697329;
		 -0.001509603600889522, 1.000001743014204, 0.4826548288756953;
		 -1.000427850910051e-05, 8.918049918696059e-09, 1.003199228790932]
	R1 =
		[3.380869217535591, 0.4725987537962264, 0.522578471804274;
		 0.003025960549717497, 4.093817753348828, 0.0004655302826172751;
		 -0.03869958244815157, -0.006495817327963591, 4.087505972364596]
	R2 =
		[0.9999996026822237, -0.0008914232412946011, 0;
		 0.0008914232412946003, 0.9999996026822237, 2.482245365100787e-17;
		 -0.01145489889292008, 1.021116715690699e-05, 1]

### Turned Cube

![Turned Cube Last](../output/turned_cube_last.jpg)

![Turned Cube First](../output/turned_cube_first.jpg)

	M =
		[1145, 0, 320;
		 0, 1145, 240;
		 0, 0, 1]
	H1 =
		[2220.002380536002, 57.33361458818744, 1229224.959743213;
		 0.0001763396913318852, 3560.145045390838, -0.8343080646123973;
		 1.864722058768536e-06, -2.734921819675823e-06, 3560.142343696946]
	H2 =
		[0.9999999999999893, 1.454396223223897e-07, -3.490550597007314e-05;
		 -1.454396223223897e-07, 0.9999999999999893, 4.654068169429593e-05;
		 0, 0, 1]
	R1 =
		[2220.001783824943, 57.33448976316973, 711.0395267487621;
		 -0.0002711936027725635, 3560.145701772075, -0.0001005694207096855;
		 0.002135106757289974, -0.003131485483528817, 3560.142284026768]
	R2 =
		[0.9999999999999892, 1.454396223223897e-07, 0;
		 -1.454396223223897e-07, 0.9999999999999892, 0;
		 0, 0, 1]

### Turned Real

![Turned Real Last](../output/turned_real_last.jpg)

![Turned Real First](../output/turned_real_first.jpg)

	M =
		[1145, 0, 320;
		 0, 1145, 240;
		 0, 0, 1]
	H1 =
		[0.2147148837575106, 0.01384929655816977, 33.99934358920648;
		 -0.007993460649807009, 0.2450608047586964, 1.965966605027024;
		 -2.723688350352026e-05, -5.766444755170069e-06, 0.2534759868814415]
	H2 =
		[0.9583731268146694, 0.006443581054947209, 11.77413996611841;
		 -0.03792650924227223, 0.9997676049097307, 12.19225777919172;
		 -0.0001300133484711104, -8.741392320578929e-07, 1.041814064926449]
	R1 =
		[0.2234306864786371, 0.01569455887982419, 0.02458649920652129;
		 -0.001456608608962148, 0.2464447514999372, -0.0001638817828837455;
		 -0.0311862316115307, -0.006602579244669729, 0.2433762374190742]
	R2 =
		[0.9999773983254249, 0.006723305609205735, -4.964490730201573e-17;
		 -0.006723305609205738, 0.9999773983254246, 0;
		 -0.1488652839994214, -0.001000889420706287, 0.9999999999999999]

## Task 2 - Known Intrinsic and Unknown Extrinsic Parameters

The following are the rotation, translation, essential, and fundamental matricies computed for each of the picture sequences. I believe these results to be correct because they follow the motion of the camera. The rotation matricies are similar to the identity matrix meaning that the camera wasn't turning in the image sequences. Additionally, the translation shows that most of the movement is in the X direction with minimal in the Y, and Z directions (the turned images have some movement in Z).

### Parallel Cube

	F =
		[7.117847025211227e-09, 5.544232951741159e-07, -0.00318534903183838;
		 -2.036323430554558e-06, -8.597836197296164e-07, 0.6088876329119123;
		 0.003907516153123969, -0.608393910399187, 1]
	E =
		[9.717490375463633e-06, 0.0007430341561182568, -0.005008180224235041;
		 -0.00277322320209945, 0.0005941938490035548, 0.9999834391816729;
		 0.005590034681049998, -0.9999839137653377, 0.0006059608994299359]
	R =
		[0.9999977756089202, 0.0005835129382763087, 0.002026891675047783;
		 -0.000582306371745678, 0.9999996529598163, -0.0005958183755751414;
		 -0.002027238639365935, 0.0005946367783049323, 0.9999977683528104]
	T =
		[0.9999871828861882;
		 0.005007746911978922;
		 0.000746012205504775]

### Parallel Real

	F =
		[1.430919596744311e-10, 4.081992589529394e-05, -0.006159444876327449;
		 -3.369089360852758e-05, -5.691484769473833e-06, 4.08660452911282;
		 0.00506946665458355, -4.092447164833991, 1]
	E =
		[-8.815039402576812e-09, 0.008254432463390096, 0.00102735841871757;
		 -0.006822714343960801, -0.0006666799884599839, 0.9999759806597694;
		 -0.0008434875078514458, -0.9999653497661914, -0.0006639920895517015]
	R =
		[0.9999989581457592, 0.0001793367254337126, -0.001432321798575787;
		 -0.0001783836889941026, 0.9999997626586159, 0.0006654787536362037;
		 0.001432440803407068, -0.0006652225574582537, 0.9999987527953692]
	T =
		[0.9999654038412462;
		 -0.001021866090090646;
		 0.008255114191044155]

### Turned Cube

	F =
		[-8.175778499795037e-13, 7.17646974099324e-06, -0.002240138457372851;
		 1.862706279094138e-06, -2.736933339882221e-06, 3560.142343694225;
		 -0.0001758558175184702, -3560.145044907596, 1]
	E =
		[-1.896687556550035e-13, 1.66320092023681e-06, -1.194974182571407e-07;
		 4.316963258331224e-07, -3.000238152361945e-07, 0.9999999999998546;
		 8.302180760393137e-08, -0.9999999999985683, -3.000240497708084e-07]
	R =
		[0.9999999999978051, -3.647548113401174e-08, -2.09489722116065e-06;
		 3.647610938907695e-08, 0.9999999999999543, 3.00023799489622e-07;
		 2.094897210217042e-06, -3.000238758484129e-07, 0.9999999999977608]
	T =
		[0.9999999999986098;
		 1.194979169932199e-07;
		 1.663200884384658e-06]

### Turned Real

	F =
		[-6.002910514918163e-09, 3.077876872570457e-05, -0.008978317813614878;
		 -2.613283033050438e-05, -5.325752335014236e-06, 0.2431405400364786;
		 0.007671331117756383, -0.2450203742736675, 1]
	E =
		[-0.000109780639282497, 0.1068646685071166, -0.004075201633805252;
		 -0.09213698977105531, -0.008888374374854957, 0.9956939836447344;
		 0.005356945428857028, -0.994223488249118, -0.008918783814306441]
	R =
		[0.9998910063117163, 0.0004644397645255666, -0.01475668637088252;
		 -0.0003331876851166982, 0.9999603776092099, 0.008895628005558846;
		 0.01476023315906463, -0.008889741692081362, 0.9998515429851265]
	T =
		[0.994265217788855;
		 0.005026216328405625;
		 0.1068242193732345]

## Task 3 - Known Intrinsic and Extrinsic Parameters

### Parallel Cube

![Parallel Cube Points](../output/parallel_cube_points.jpg)

	3D Points:
	[-8.472284552950962, -6.500308650849707, 20;
	 -8.874520373361653, -6.814399198972166, 20.95458237176317;
	 -8.967315608076566, -6.882005147477768, 21.17620080931836;
	 -9.314659387380138, -7.156366036678601, 21.99860958442346]

### Parallel Real

![Parallel Real Points](../output/parallel_real_points.jpg)

	3D Points:
	[-24.12533080101569, -18.86149117291019, 57.95041163372936;
	 -24.06303584441818, -18.81400313896507, 57.79261709639587;
	 -24.26708323241466, -18.97879308554764, 58.29026837680139;
	 -23.83681966255273, -18.63601042783414, 57.25371225334037]

### Turned Cube

![Turned Cube Points](../output/turned_cube_points.jpg)

	3D Points:
	[-12.73455459295563, -9.742812666098857, 29.94221531234554;
	 -12.27186958003587, -9.390256355603622, 28.85084382281654;
	 -12.72739847761216, -9.736083972625066, 29.92541876382236;
	 -11.94513594282094, -9.143578137189081, 28.08082612940433]

### Turned Real

![Turned Real Points](../output/turned_real_points.jpg)

	3D Points:
	[-20.44791614469464, -21.57253790702215, 66.21070607710668;
	 -21.92618244694459, -23.14052421436043, 71.0454967009036;
	 -16.90113402662838, -17.82533875653974, 54.68131503743866;
	 -19.41583119206189, -20.47795325932478, 62.85930609811297]
