# Structure from Motion
#### *EcEn 631 - Assignment 6 - Luke Newmeyer*

## Task 1 - Unkown Intrinsic and Extrinsic Parameters

Below are the undistorted images and results from point matching of the given image sequences.

### Parallel Cube

![Parallel Cube First](../output/parallel_cube_first.jpg)

![Parallel Cube Last](../output/parallel_cube_last.jpg)

### Parallel Real

![Parallel Real First](../output/parallel_real_first.jpg)

![Parallel Real Last](../output/parallel_real_last.jpg)

### Turned Cube

![Turned Cube First](../output/turned_cube_first.jpg)

![Turned Cube Last](../output/turned_cube_last.jpg)

### Turned Real

![Turned Real First](../output/turned_real_first.jpg)

![Turned Real Last](../output/turned_real_last.jpg)

## Task 2 - Known Intrinsic and Unknown Extrinsic Parameters

The following are the rotation, translation, essential, and fundamental matricies computed for each of the picture sequences. I believe these results to be correct because the follow the motion of the camera. The rotation matricies are similar to the identity matrix meaning that the camera wasn't turning in the image sequences. Additionally, the translation shows that most of the movement is in the X direction with minimal in the Y, and Z directions (the turned images have some movement in Z).

### Parallel Cube

	F =
		[-3.224341152761556e-08, 7.603619102281321e-05, -0.01737918338220986;
		 -6.836119696698746e-05, 9.480453153374572e-07, 0.370818595312414;
		 0.0155136120401489, -0.3752744795111221, 1]
	E =
		[-0.02195046357412336, 51.71180943668154, 1.51968164027369;
		 -46.49208676641462, 0.6441175743422608, 287.1632662446559;
		 -1.47490767893182, -288.3426837860737, -0.04482672062951565]
	R =
		[0.9998567336259794, -1.935732961527974e-05, -0.01692666086624953;
		 2.707312881872551e-06, 0.9999995161843562, -0.0009836786692007074;
		 0.0169266717182584, 0.0009834919153576017, 0.9998562499320566]
	T =
		[0.9842849463144524;
		 -0.005203884321675579;
		 0.1765108043342456]

### Parallel Real

	F =
		[7.447914756963542e-07, -0.003596325920920782, -0.1597421275419784;
		 0.003592075745889215, 2.433147669754362e-06, -13768885802205.88;
		 0.1597322913681712, 13768885802205.91, 1]
	E =
		[0.5070343795224139, -2445.842146919961, -882.1105316300134;
		 2442.95162546763, 1.653120530953572, -1.134924115033625e+16;
		 881.6230680885519, 1.134924115033627e+16, 7.5]
	R =
		[1, 4.295120131862618e-17, -2.546885218171889e-16;
		 -4.295120131852521e-17, 0.9999999999999999, 1.456591246106782e-16;
		 2.546885218172899e-16, -6.60837134452643e-16, 1]
	T =
		[1;
		 -7.772418613238096e-14;
		 2.155071087592049e-13]

### Turned Cube

	F =
		[-1.360921563763369e-06, -5.371747992214096e-05, -0.03501842060219297;
		 5.482343101677055e-05, -4.613965941842332e-07, 0.04080581886165643;
		 0.03360666891038769, -0.03988251055669346, 1]
	E =
		[-0.9264794820809072, -36.53297262508961, -40.47599193071795;
		 37.2851240872087, -0.3134804320508061, 48.52586244801964;
		 38.7971524199808, -47.65485881373223, 0.6788800674589197]
	R =
		[0.9998353439922618, -0.01745967823659839, 0.004944141962964166;
		 0.01746297227521232, 0.9998473160408297, -0.0006238631774744818;
		 -0.004932494621451899, 0.0007100998686782045, 0.9999875830504028]
	T =
		[0.6579269266783997;
		 0.5530814828287915;
		 -0.5111096090893038]

### Turned Real

	F =
		[1.397519621720044e-06, 0.0001356461387341902, -0.1171745632713159;
		 -0.0001335936752314509, -1.61474599790796e-06, -0.2267852171290498;
		 0.11628702460206, 0.2250749511322645, 1]
	E =
		[0.9513944740126269, 92.2522180909817, -67.98932346546978;
		 -90.8563485701432, -1.097084979509792, -223.7889475199841;
		 68.45019659015304, 222.2670296084757, 0.4956590812732031]
	R =
		[0.9999481658444183, -0.002300309555659713, 0.009918376900060311;
		 0.002334232001686198, 0.9999914617905566, -0.003409942367310709;
		 -0.009910448291869101, 0.003432917408592209, 0.9999449975337242]
	T =
		[0.8886221588416702;
		 -0.270632894027788;
		 -0.3702816434630719]

## Task 3 - Known Intrinsic and Extrinsic Parameters

